3.000000
0.100000
-0.900000
0.070000
30
1606.481192
887.340483
5789.594562
2659.883329
2375.260123
1753.479964
2198.108514
1877.572631
1715.503532
7232.774620
2079.976853
5343.325589
9678.713240
1242.942225
6314.500701
975.105736
2526.718181
1271.595329
3166.599388
988.499117
200.063753
1091.083127
9059.604818
4153.698727
3070.172357
8149.399705
6137.455044
2404.618171
1856.234175
4522.531500
1 2 17.740131
1 3 115.722894
1 4 53.165341
1 5 47.475547
1 6 35.054517
1 7 43.935386
1 8 37.531994
1 9 34.289443
1 10 144.568930
1 11 41.573320
1 12 106.801765
1 13 193.454029
1 14 24.847089
1 15 126.214568
1 16 19.493488
1 17 50.505542
1 18 25.421285
1 19 63.296276
1 20 19.762237
1 21 4.003369
1 22 21.810062
1 23 181.078151
1 24 83.026066
1 25 61.369670
1 26 162.888514
1 27 122.673172
1 28 48.065091
1 29 37.105093
1 30 90.395216
2 3 63.914667
2 4 29.364673
2 5 26.220665
2 6 19.363696
2 7 24.266388
2 8 20.729995
2 9 18.944076
2 10 79.845813
2 11 22.961081
2 12 58.986534
2 13 106.843058
2 14 13.725644
2 15 69.709209
2 16 10.766895
2 17 27.899956
2 18 14.041681
2 19 34.959536
2 20 10.915186
2 21 2.215570
2 22 12.046177
2 23 100.008431
2 24 45.858427
2 25 33.896376
2 26 89.962864
2 27 67.751912
2 28 26.547884
2 29 20.495624
2 30 49.925356
3 4 191.615856
3 5 171.112644
3 6 126.307716
3 7 158.349170
3 8 135.257631
3 9 123.575129
3 10 521.037714
3 11 149.838941
3 12 384.927259
3 13 697.239494
3 14 89.538391
3 15 454.886550
3 16 70.239892
3 17 182.005053
3 18 91.597970
3 19 228.114757
3 20 71.191085
3 21 14.400309
3 22 78.600242
3 23 652.644448
3 24 299.222854
3 25 221.155390
3 26 587.072882
3 27 442.134333
3 28 173.218910
3 29 133.718874
3 30 325.795654
4 5 78.615202
4 6 58.027830
4 7 72.750688
4 8 62.140186
4 9 56.773845
4 10 239.379265
4 11 68.840529
4 12 176.847406
4 13 320.332763
4 14 41.135542
4 15 208.987688
4 16 32.269873
4 17 83.615851
4 18 42.081312
4 19 104.801708
4 20 32.706396
4 21 6.614375
4 22 36.110898
4 23 299.845245
4 24 137.472096
4 25 101.604495
4 26 269.719342
4 27 203.130673
4 28 79.581384
4 29 61.433575
4 30 149.681215
5 6 51.818297
5 7 64.966391
5 8 55.490338
5 9 50.698225
5 10 213.766324
5 11 61.475001
5 12 157.924678
5 13 286.057756
5 14 36.733371
5 15 186.626336
5 16 28.816250
5 17 74.669568
5 18 37.578123
5 19 93.588153
5 20 29.205725
5 21 5.906527
5 22 32.247015
5 23 267.762809
5 24 122.762099
5 25 90.731551
5 26 240.859428
5 27 181.395481
5 28 71.066253
5 29 54.859865
5 30 133.664663
6 7 47.953047
6 8 40.964464
6 9 37.428156
6 10 157.792365
6 11 45.375671
6 12 116.570777
6 13 211.148753
6 14 27.122276
6 15 137.758426
6 16 21.277223
6 17 55.124792
6 18 27.745773
6 19 69.085504
6 20 21.561323
6 21 4.368804
6 22 23.803776
6 23 197.639613
6 24 90.618800
6 25 66.978497
6 26 177.786134
6 27 133.893772
6 28 52.460460
6 29 40.498735
6 30 98.664628
7 8 51.352614
7 9 46.917339
7 10 197.821771
7 11 56.889544
7 12 146.144811
7 13 264.719795
7 14 33.993476
7 15 172.706656
7 16 26.667450
7 17 69.100562
7 18 34.775943
7 19 86.607635
7 20 27.028314
7 21 5.467510
7 22 29.841738
7 23 247.789711
7 24 113.605699
7 25 83.966574
7 26 222.893173
7 27 167.864691
7 28 65.766414
7 29 50.769016
7 30 123.694114
8 9 40.077538
8 10 168.971855
8 11 48.591835
8 12 124.831513
8 13 226.112255
8 14 29.038069
8 15 147.520198
8 16 22.779955
8 17 59.031377
8 18 29.707999
8 19 73.980507
8 20 23.093531
8 21 4.676245
8 22 25.490521
8 23 211.649364
8 24 97.040251
8 25 71.722442
8 26 190.386350
8 27 143.382605
8 28 56.177325
8 29 43.367784
8 30 105.655291
9 10 154.379300
9 11 44.395052
9 12 114.048542
9 13 206.583806
9 14 26.531762
9 15 134.779084
9 16 20.814253
9 17 53.931081
9 18 27.143771
9 19 67.589614
9 20 21.096781
9 21 4.270238
9 22 23.289053
9 23 193.368402
9 24 88.659902
9 25 65.529899
9 26 173.941982
9 27 130.999104
9 28 51.323484
9 29 39.623206
9 30 96.530093
10 11 187.189941
10 12 480.878722
10 13 871.042835
10 14 111.855668
10 15 568.281091
10 16 87.747972
10 17 227.373588
10 18 114.430319
10 19 284.976333
10 20 88.935933
10 21 17.989054
10 22 98.192910
10 23 815.331911
10 24 373.811186
10 25 276.280804
10 26 733.414467
10 27 552.346651
10 28 216.395112
10 29 167.053124
10 30 407.007312
11 12 138.290309
11 13 250.493416
11 14 32.166240
11 15 163.424004
11 16 25.233878
11 17 65.385567
11 18 32.906500
11 19 81.952386
11 20 25.574739
11 21 5.172052
11 22 28.237951
11 23 234.472861
11 24 107.499512
11 25 79.452464
11 26 210.914291
11 27 158.843413
11 28 62.231237
11 29 48.039601
11 30 117.046359
12 13 643.500815
12 14 82.635268
12 15 419.826003
12 16 64.824744
12 17 167.975722
12 18 84.536038
12 19 210.532354
12 20 65.701524
12 21 13.290609
12 22 72.541649
12 23 602.343444
12 24 276.159227
12 25 204.109630
12 26 541.824715
12 27 408.057786
12 28 159.867928
12 29 123.411447
12 30 300.685106
13 14 149.680316
13 15 760.454373
13 16 117.421416
13 17 304.262630
13 18 153.126507
13 19 381.346577
13 20 119.008916
13 21 24.069602
13 22 131.398887
13 23 1091.059782
13 24 500.222336
13 25 369.713217
13 26 981.436943
13 27 739.137519
13 28 289.577026
13 29 223.540496
13 30 544.647560
14 15 97.654399
14 16 15.081697
14 17 39.078739
14 18 19.667606
14 19 48.973348
14 20 15.283085
14 21 3.095066
14 22 16.874595
14 23 140.104807
14 24 64.238570
14 25 47.478414
14 26 126.030612
14 27 94.915141
14 28 37.187078
14 29 28.708520
14 30 69.941585
15 16 76.608018
15 17 198.506571
15 18 99.902991
15 19 248.795692
15 20 77.645386
15 21 15.705265
15 22 85.726330
15 23 711.816733
15 24 326.352278
15 25 241.205690
15 26 640.299685
15 27 482.220551
15 28 188.921968
15 29 145.845107
15 30 355.333359
16 17 30.656203
16 18 15.431367
16 19 38.419233
16 20 11.987982
16 21 2.427680
16 22 13.237858
16 23 109.909189
16 24 50.393298
16 25 37.252010
16 26 98.868084
16 27 74.463117
16 28 29.172495
16 29 22.522562
16 30 54.869462
17 18 39.979355
17 19 99.550790
17 20 31.077882
17 21 6.302774
17 22 34.301486
17 23 284.798764
17 24 130.581628
17 25 96.519849
17 26 256.186636
17 27 192.937493
17 28 75.593778
17 29 58.356663
17 30 142.172612
18 19 50.098942
18 20 15.641712
18 21 3.171290
18 22 17.262809
18 23 143.328002
18 24 65.717192
18 25 48.575396
18 26 128.929184
18 27 97.098810
18 28 38.044776
18 29 29.370137
18 30 71.550173
19 20 38.939841
19 21 7.879900
19 22 42.989713
19 23 356.955749
19 24 163.658764
19 25 120.958120
19 26 321.093774
19 27 241.820139
19 28 94.740308
19 29 73.137546
19 30 178.190470
20 21 2.471327
20 22 13.416112
20 23 111.394730
20 24 51.076242
20 25 37.755865
20 26 100.205397
20 27 75.464778
20 28 29.569565
20 29 22.827553
20 30 55.608013
21 22 2.713637
21 23 22.527613
21 24 10.334235
21 25 7.652765
21 26 20.265813
21 27 15.261271
21 28 5.987575
21 29 4.619687
21 30 11.247943
22 23 122.994167
22 24 56.390364
22 25 41.679401
22 26 110.637125
22 27 83.322909
22 28 32.644321
22 29 25.200500
22 30 61.398046
23 24 468.228880
23 25 346.064679
23 26 918.667559
23 27 691.864832
23 28 271.054181
23 29 209.242450
23 30 509.812470
24 25 158.666463
24 26 421.186013
24 27 317.202104
24 28 124.273862
24 29 95.936389
24 30 233.736772
25 26 311.296510
25 27 234.443035
25 28 91.851989
25 29 70.906056
25 30 172.755165
26 27 622.351413
26 28 243.820777
26 29 188.221405
26 30 458.590744
27 28 183.625128
27 29 141.752471
27 30 345.372040
28 29 55.536037
28 30 135.309608
29 30 104.453983
