3.000000
0.100000
-0.900000
0.070000
15
292.868213
1027.112850
3554.393012
218.304281
470.948043
1238.712399
1019.912837
2470.147410
367.632800
713.664746
319.902098
865.886191
291.737855
1549.578397
564.991743
1 2 37.475266
1 3 129.697769
1 4 7.964629
1 5 17.185729
1 6 45.199787
1 7 37.220065
1 8 90.132796
1 9 13.415334
1 10 26.042396
1 11 11.662722
1 12 31.597631
1 13 10.638921
1 14 56.543543
1 15 20.614373
2 3 454.857688
2 4 27.934110
2 5 60.266923
2 6 158.512551
2 7 130.516982
2 8 316.092583
2 9 47.043686
2 10 91.329321
2 11 40.903096
2 12 110.807146
2 13 37.312333
2 14 198.297962
2 15 72.291184
3 4 96.658600
3 5 208.574492
3 6 548.595329
3 7 451.709295
3 8 1093.962544
3 9 162.807860
3 10 316.081277
3 11 141.530641
3 12 383.483951
3 13 129.083959
3 14 686.300041
3 15 250.173712
4 5 12.808302
4 6 33.688153
4 7 27.738414
4 8 67.174682
4 9 9.997381
4 10 19.408418
4 11 8.696115
4 12 23.548730
4 13 7.934556
4 14 42.138931
4 15 15.363477
5 6 72.685540
5 7 59.849672
5 8 144.942210
5 9 21.571536
5 10 41.879197
5 11 18.753741
5 12 50.810087
5 13 17.106962
5 14 90.929045
5 15 33.148733
6 7 157.416057
6 8 381.228611
6 9 56.736566
6 10 110.149486
6 11 49.325720
6 12 133.640255
6 13 44.988692
6 14 239.163202
6 15 87.186431
7 8 313.901443
7 9 46.716459
7 10 90.696783
7 11 40.612624
7 12 110.040527
7 13 37.041845
7 14 196.925122
7 15 71.788596
8 9 113.138387
8 10 219.648637
8 11 98.359633
8 12 266.491127
8 13 89.709458
8 14 476.918053
8 15 173.853429
9 10 32.689528
9 11 14.639826
9 12 39.661019
9 13 13.354660
9 14 70.976884
9 15 25.874028
10 11 28.418058
10 12 76.997763
10 13 25.920309
10 14 137.796916
10 15 50.232607
11 12 34.482335
11 13 11.635459
11 14 61.702187
11 15 22.499058
12 13 31.453318
12 14 167.181521
12 15 60.948289
13 14 56.275320
13 15 20.527284
14 15 109.064951
