3.000000
0.100000
-0.900000
0.070000
25
347.778487
4374.885307
6635.988678
8148.231043
3408.375598
1925.584914
5707.398469
22430.296191
3143.266472
1958.223369
4767.453355
1740.556311
6534.673658
5496.823170
6073.971385
1666.412344
3351.172745
912.428866
1770.513312
2116.215402
1675.622982
2388.195598
8852.739412
12405.453794
11391.477397
1 2 14.602504
1 3 22.140317
1 4 27.179939
1 5 11.372212
1 6 6.434016
1 7 19.041679
1 8 74.813102
1 9 10.486002
1 10 6.538965
1 11 15.907884
1 12 5.815645
1 13 21.797037
1 14 18.341579
1 15 20.265977
1 16 5.581056
1 17 11.182395
1 18 3.046919
1 19 5.912794
1 20 7.062071
1 21 5.609312
1 22 7.968340
1 23 29.529091
1 24 41.381057
1 25 37.994365
2 3 278.560707
2 4 342.049056
2 5 143.078581
2 6 80.832243
2 7 239.584698
2 8 941.584244
2 9 131.951742
2 10 82.193760
2 11 200.130452
2 12 73.065835
2 13 274.314897
2 14 230.746367
2 15 254.976115
2 16 69.956054
2 17 140.678907
2 18 38.303834
2 19 74.323699
2 20 88.835370
2 21 70.342809
2 22 100.252120
2 23 371.624157
2 24 520.760262
2 25 478.195217
3 4 518.820373
3 5 217.022168
3 6 122.605227
3 7 363.404027
3 8 1428.206199
3 9 200.141130
3 10 124.672726
3 11 303.558001
3 12 110.824251
3 13 416.083588
3 14 349.999115
3 15 386.749829
3 16 106.093050
3 17 213.379860
3 18 58.099471
3 19 112.734304
3 20 134.746686
3 21 106.685342
3 22 152.064868
3 23 563.681465
3 24 789.892790
3 25 725.330771
4 5 266.482685
4 6 150.547158
4 7 446.231978
4 8 1753.726844
4 9 245.758783
4 10 153.086955
4 11 372.742528
4 12 136.078023
4 13 510.918400
4 14 429.766102
4 15 474.896644
4 16 130.280602
4 17 262.011190
4 18 71.338343
4 19 138.423842
4 20 165.455299
4 21 130.996484
4 22 186.720945
4 23 692.157732
4 24 969.927496
4 25 890.650639
5 6 62.976377
5 7 186.657654
5 8 733.570397
5 9 102.800106
5 10 64.035120
5 11 155.918249
5 12 56.923967
5 13 213.713937
5 14 179.770280
5 15 198.646973
5 16 54.495763
5 17 109.599034
5 18 29.841986
5 19 57.903953
5 20 69.210036
5 21 54.798351
5 22 78.105398
5 23 289.524572
5 24 405.713524
5 25 372.551895
6 7 105.451614
6 8 414.418556
6 9 58.075619
6 10 36.176651
6 11 88.085945
6 12 32.163541
6 13 120.734335
6 14 101.562232
6 15 112.224059
6 16 30.793885
6 17 61.918391
6 18 16.859601
6 19 32.715486
6 20 39.100817
6 21 30.965248
6 22 44.125221
6 23 163.562873
6 24 229.202468
6 25 210.466511
7 8 1228.380560
7 9 172.139222
7 10 107.226506
7 11 261.086284
7 12 95.316404
7 13 357.868573
7 14 301.027475
7 15 332.637472
7 16 91.253207
7 17 183.524689
7 18 49.969049
7 19 96.959672
7 20 115.893311
7 21 91.758490
7 22 130.787855
7 23 484.815019
7 24 679.377153
7 25 623.847365
8 9 676.519675
8 10 421.413331
8 11 1026.080985
8 12 374.591453
8 13 1406.453540
8 14 1183.055410
8 15 1307.289964
8 16 358.624950
8 17 721.260583
8 18 196.379025
8 19 381.049440
8 20 455.462739
8 21 360.599073
8 22 514.002763
8 23 1905.367903
8 24 2670.012144
8 25 2451.782400
9 10 59.052190
9 11 143.789687
9 12 52.494229
9 13 197.092850
9 14 165.788456
9 15 183.196652
9 16 50.258042
9 17 101.074758
9 18 27.520393
9 19 53.399491
9 20 63.826928
9 21 50.534647
9 22 72.030390
9 23 267.007894
9 24 374.160348
9 25 343.578355
10 11 89.569591
10 12 32.700496
10 13 122.770583
10 14 103.272910
10 15 114.115274
10 16 31.302686
10 17 62.959900
10 18 17.143487
10 19 33.262682
10 20 39.757816
10 21 31.484552
10 22 44.868917
10 23 166.321212
10 24 233.067935
10 25 214.018403
11 12 79.620966
11 13 298.932193
11 14 251.452527
11 15 277.856949
11 16 76.228063
11 17 153.301554
11 18 41.740423
11 19 80.991859
11 20 96.807314
11 21 76.648907
11 22 109.248919
11 23 404.972147
11 24 567.491933
11 25 521.107278
12 13 109.131390
12 14 91.801278
12 15 101.437800
12 16 27.834934
12 17 55.968498
12 18 15.239689
12 19 29.572258
12 20 35.342788
12 21 27.988561
12 22 39.884208
12 23 147.844016
12 24 207.174517
12 25 190.239731
13 14 344.663728
13 15 380.857153
13 16 104.479015
13 17 210.127539
13 18 57.212101
13 19 111.013802
13 20 132.692910
13 21 105.055722
13 22 149.746234
13 23 555.096565
13 24 777.862305
13 25 714.283918
14 15 320.364518
14 16 87.888625
14 17 176.754409
14 18 48.126901
14 19 93.382195
14 20 111.617513
14 21 88.372860
14 22 125.962395
14 23 466.926285
14 24 654.308637
14 25 600.828069
15 16 97.116096
15 17 195.313877
15 18 53.179421
15 19 103.186752
15 20 123.336325
15 21 97.652403
15 22 139.189267
15 23 515.959210
15 24 723.019119
15 25 663.922450
16 17 53.583684
16 18 14.589739
16 19 28.311729
16 20 33.836563
16 21 26.807429
16 22 38.184628
16 23 141.542888
16 24 198.346401
16 25 182.131691
17 18 29.341988
17 19 56.932643
17 20 68.049538
17 21 53.879703
17 22 76.794953
17 23 284.666359
17 24 398.905780
17 25 366.300678
18 19 15.502491
18 20 18.529951
18 21 14.671017
18 22 20.911553
18 23 77.507747
18 24 108.611537
18 25 99.733397
19 20 35.952679
19 21 28.467824
19 22 40.571786
19 23 150.392383
19 24 210.745912
19 25 193.519057
20 21 34.024200
20 22 48.496069
20 23 179.762066
20 24 251.902268
20 25 231.312054
21 22 38.395189
21 23 142.323426
21 24 199.438438
21 25 183.134279
22 23 202.866546
22 24 284.278372
22 25 261.042471
23 24 1053.795839
23 25 967.664285
24 25 1355.997779
