3.000000
0.100000
-0.900000
0.070000
60
4202.780527
1601.541452
19185.602671
14349.892614
16623.367816
1722.789767
11668.232676
39861.724136
9841.391650
30057.591438
14525.019800
7736.222130
47429.879086
11316.374727
9911.999503
7241.494727
33746.084154
8781.131335
15764.972914
13078.634141
10861.068148
1714.266084
7480.885925
17803.582161
5476.451387
5122.741755
5832.343941
5783.013348
2742.608253
9248.547473
43408.126384
3528.479518
13126.251113
2495.323393
7919.217301
27411.233446
14139.245553
1097.888437
30890.810547
8855.895177
8382.161256
9162.256392
3649.519771
5058.259556
22481.408996
2877.032608
10054.112849
12734.572865
46392.613094
3410.424129
19808.454695
573289.701744
1440.712282
5432.873730
24641.922492
3645.345816
12327.774560
21670.623274
5163.879690
6804.417560
1 2 5.363901
1 3 64.237606
1 4 48.048314
1 5 55.658052
1 6 5.768543
1 7 39.067753
1 8 133.464471
1 9 32.952047
1 10 100.639713
1 11 48.632330
1 12 25.904107
1 13 158.803580
1 14 37.890484
1 15 33.188323
1 16 24.245900
1 17 112.989751
1 18 29.402316
1 19 52.785299
1 20 43.791240
1 21 36.366379
1 22 5.742020
1 23 25.049129
1 24 59.609540
1 25 18.337339
1 26 17.152410
1 27 19.530270
1 28 19.363414
1 29 9.184395
1 30 30.967571
1 31 145.339640
1 32 11.815226
1 33 43.950147
1 34 8.357126
1 35 26.517209
1 36 91.778673
1 37 47.341456
1 38 3.676149
1 39 103.429210
1 40 29.652298
1 41 28.066584
1 42 30.676730
1 43 12.221025
1 44 16.936726
1 45 75.273368
1 46 9.633878
1 47 33.664770
1 48 42.639299
1 49 155.331252
1 50 11.420116
1 51 66.322661
1 52 1919.467477
1 53 4.823974
1 54 18.192366
1 55 82.506303
1 56 12.205440
1 57 41.277379
1 58 72.558069
1 59 17.289556
1 60 22.783877
2 3 24.479067
2 4 18.311001
2 5 21.206232
2 6 2.196947
2 7 14.888302
2 8 50.851320
2 9 12.558509
2 10 38.348714
2 11 18.529523
2 12 9.874472
2 13 60.503096
2 14 14.441000
2 15 12.649034
2 16 9.242042
2 17 43.065384
2 18 11.205240
2 19 20.113816
2 20 16.689102
2 21 13.857879
2 22 2.193330
2 23 9.548977
2 24 22.711948
2 25 6.988474
2 26 6.539996
2 27 7.447392
2 28 7.386696
2 29 3.503844
2 30 11.800421
2 31 55.378159
2 32 4.504256
2 33 16.748736
2 34 3.190604
2 35 10.108545
2 36 34.970244
2 37 18.037174
2 38 1.404779
2 39 39.411507
2 40 11.301256
2 41 10.698174
2 42 11.688426
2 43 4.663696
2 44 6.454074
2 45 28.685193
2 46 3.675715
2 47 12.832639
2 48 16.247426
2 49 59.182909
2 50 4.356793
2 51 25.273106
2 52 731.307503
2 53 1.841352
2 54 6.937583
2 55 31.435477
2 56 4.654714
2 57 15.731946
2 58 27.648479
2 59 6.593421
2 60 8.691095
3 4 219.331471
3 5 254.080810
3 6 26.330571
3 7 178.343552
3 8 609.268874
3 9 150.421680
3 10 459.415259
3 11 222.008858
3 12 118.245618
3 13 724.945019
3 14 172.966167
3 15 151.501226
3 16 110.682200
3 17 515.793438
3 18 134.216500
3 19 240.961405
3 20 199.901894
3 21 166.006840
3 22 26.202317
3 23 114.342556
3 24 272.120150
3 25 83.705292
3 26 78.299581
3 27 89.140175
3 28 88.388404
3 29 41.920499
3 30 141.360054
3 31 663.473658
3 32 53.931787
3 33 200.629369
3 34 38.140192
3 35 121.041845
3 36 418.969058
3 37 216.112519
3 38 16.781800
3 39 472.150437
3 40 135.358868
3 41 128.117565
3 42 140.041248
3 43 55.779822
3 44 77.313259
3 45 343.617760
3 46 43.974126
3 47 153.671876
3 48 194.642207
3 49 709.091472
3 50 52.126625
3 51 302.763897
3 52 8762.475768
3 53 22.020424
3 54 83.039601
3 55 376.640713
3 56 55.714489
3 57 188.424096
3 58 331.225857
3 59 78.925315
3 60 103.999587
4 5 190.039117
4 6 19.696618
4 7 133.392083
4 8 455.699885
4 9 112.510802
4 10 343.623321
4 11 166.049789
4 12 88.443980
4 13 542.217147
4 14 129.371460
4 15 113.316714
4 16 82.785219
4 17 385.790392
4 18 100.387908
4 19 180.226243
4 20 149.517082
4 21 124.165166
4 22 19.602068
4 23 85.523870
4 24 203.531805
4 25 62.607718
4 26 58.564592
4 27 66.679681
4 28 66.120667
4 29 31.357338
4 30 105.730637
4 31 496.243054
4 32 40.339599
4 33 150.061218
4 34 28.530656
4 35 90.535028
4 36 313.366039
4 37 161.639577
4 38 12.552779
4 39 353.146148
4 40 101.242123
4 41 95.828106
4 42 104.743320
4 43 41.726581
4 44 57.827488
4 45 257.008621
4 46 32.890980
4 47 114.946136
4 48 145.582823
4 49 530.361417
4 50 38.991575
4 51 226.453021
4 52 6553.822973
4 53 16.473293
4 54 62.111024
4 55 281.706972
4 56 41.673514
4 57 140.933801
4 58 247.739968
4 59 59.034822
4 60 77.796608
5 6 22.814371
5 7 154.524604
5 8 527.902723
5 9 130.332084
5 10 398.061657
5 11 192.360540
5 12 102.451247
5 13 628.131172
5 14 149.865626
5 15 131.267515
5 16 95.899664
5 17 446.907520
5 18 116.291424
5 19 208.780685
5 20 173.203453
5 21 143.836270
5 22 22.699839
5 23 99.070979
5 24 235.779989
5 25 72.526020
5 26 67.840351
5 27 77.236003
5 28 76.583092
5 29 36.319512
5 30 122.480884
5 31 574.867838
5 32 46.728535
5 33 173.834935
5 34 33.044059
5 35 104.875765
5 36 363.016923
5 37 187.251248
5 38 14.540816
5 39 409.095663
5 40 117.280784
5 41 111.006243
5 42 121.339210
5 43 48.329147
5 44 66.988272
5 45 297.726778
5 46 38.100367
5 47 133.148246
5 48 168.647607
5 49 614.393037
5 50 45.163804
5 51 262.329062
5 52 7592.278696
5 53 19.079760
5 54 71.947918
5 55 326.341468
5 56 48.272185
5 57 163.259705
5 58 286.991094
5 59 68.384607
5 60 90.107220
6 7 16.012247
6 8 54.706236
6 9 13.506324
6 10 41.251776
6 11 19.934327
6 12 10.618496
6 13 65.091841
6 14 15.531112
6 15 13.602466
6 16 9.938314
6 17 46.311341
6 18 12.052261
6 19 21.636651
6 20 17.948363
6 21 14.905401
6 22 2.351975
6 23 10.267324
6 24 24.435659
6 25 7.516219
6 26 7.029287
6 27 8.005792
6 28 7.935995
6 29 3.765365
6 30 12.694465
6 31 59.572732
6 32 4.842373
6 33 18.013381
6 34 3.425186
6 35 10.869511
6 36 37.618199
6 37 19.405226
6 38 1.506903
6 39 42.394960
6 40 12.154783
6 41 11.504740
6 42 12.574223
6 43 5.009107
6 44 6.941447
6 45 30.852431
6 46 3.949524
6 47 13.796872
6 48 17.478371
6 49 63.669546
6 50 4.680345
6 51 27.185702
6 52 786.776885
6 53 1.979143
6 54 7.455641
6 55 33.818838
6 56 5.000522
6 57 16.919808
6 58 29.740564
6 59 7.087066
6 60 9.340442
7 8 370.539698
7 9 91.484892
7 10 279.405695
7 11 135.019009
7 12 71.914862
7 13 440.889911
7 14 105.194112
7 15 92.139235
7 16 67.315276
7 17 313.691186
7 18 81.627070
7 19 146.545012
7 20 121.575886
7 21 100.960266
7 22 15.936286
7 23 69.540476
7 24 165.495324
7 25 50.906842
7 26 47.620380
7 27 54.215277
7 28 53.760179
7 29 25.497050
7 30 85.972316
7 31 403.504442
7 32 32.800333
7 33 122.019343
7 34 23.196903
7 35 73.614931
7 36 254.804508
7 37 131.433397
7 38 10.206730
7 39 287.149625
7 40 82.321733
7 41 77.918333
7 42 85.169109
7 43 33.925956
7 44 47.020180
7 45 208.978542
7 46 26.743662
7 47 93.459582
7 48 118.375921
7 49 431.248332
7 50 31.702308
7 51 184.134028
7 52 5329.068640
7 53 13.391834
7 54 50.503484
7 55 229.061674
7 56 33.886315
7 57 114.595324
7 58 201.443624
7 59 47.999852
7 60 63.253222
8 9 312.526790
8 10 954.525587
8 11 461.265880
8 12 245.672140
8 13 1506.217659
8 14 359.368113
8 15 314.770541
8 16 229.960483
8 17 1071.655189
8 18 278.858351
8 19 500.641268
8 20 415.330356
8 21 344.909413
8 22 54.433626
8 23 237.564135
8 24 565.383491
8 25 173.913069
8 26 162.676560
8 27 185.203266
8 28 183.640953
8 29 87.091409
8 30 293.702470
8 31 1378.496870
8 32 112.051140
8 33 416.845261
8 34 79.236886
8 35 251.484271
8 36 870.489382
8 37 449.016936
8 38 34.863555
8 39 980.982673
8 40 281.231858
8 41 266.185711
8 42 290.962970
8 43 115.890748
8 44 160.632730
8 45 713.930920
8 46 91.362193
8 47 319.280327
8 48 404.406281
8 49 1473.275196
8 50 108.298609
8 51 629.048258
8 52 18205.789338
8 53 45.749517
8 54 172.525016
8 55 782.546032
8 56 115.752255
8 57 391.486146
8 58 688.185694
8 59 163.981042
8 60 216.070470
9 10 235.660720
9 11 113.880299
9 12 60.655888
9 13 371.862534
9 14 88.725068
9 15 77.714606
9 16 56.775446
9 17 264.579414
9 18 68.847930
9 19 123.602727
9 20 102.541984
9 21 85.155272
9 22 13.442201
9 23 58.654541
9 24 139.585107
9 25 42.937272
9 26 40.164636
9 27 45.727896
9 28 45.342560
9 29 21.504828
9 30 72.512394
9 31 340.331797
9 32 27.665674
9 33 102.915081
9 34 19.566704
9 35 62.090817
9 36 214.912602
9 37 110.856115
9 38 8.609544
9 39 242.192692
9 40 69.434177
9 41 65.720353
9 42 71.834695
9 43 28.615187
9 44 39.658983
9 45 176.261397
9 46 22.557555
9 47 78.829264
9 48 99.843838
9 49 363.731289
9 50 26.739823
9 51 155.305851
9 52 4494.730585
9 53 11.295741
9 54 42.598053
9 55 193.199469
9 56 28.585032
9 57 96.654954
9 58 169.904426
9 59 40.485860
9 60 53.350593
10 11 347.814129
10 12 185.249473
10 13 1135.752152
10 14 270.980085
10 15 237.351398
10 16 173.401242
10 17 808.078725
10 18 210.270983
10 19 377.505773
10 20 313.178993
10 21 260.078180
10 22 41.048568
10 23 179.135778
10 24 426.324255
10 25 131.138352
10 26 122.665004
10 27 139.665571
10 28 138.487158
10 29 65.674178
10 30 221.464984
10 31 1039.447405
10 32 84.492548
10 33 314.320806
10 34 59.752329
10 35 189.632678
10 36 656.388517
10 37 338.577261
10 38 26.290323
10 39 739.707296
10 40 212.061964
10 41 200.717110
10 42 219.398723
10 43 87.395593
10 44 121.125260
10 45 538.336589
10 46 68.891591
10 47 240.756964
10 48 304.941425
10 49 1110.912744
10 50 81.664426
10 51 474.333376
10 52 13727.932817
10 53 34.498423
10 54 130.094117
10 55 590.073893
10 56 87.288177
10 57 295.199765
10 58 518.922982
10 59 123.654490
10 60 162.930416
11 12 89.519577
11 13 548.842798
11 14 130.947947
11 15 114.697628
11 16 83.794447
11 17 390.495184
11 18 101.612017
11 19 182.426366
11 20 151.340365
11 21 125.679000
11 22 19.834644
11 23 86.565110
11 24 206.017910
11 25 63.371217
11 26 59.277046
11 27 67.485080
11 28 66.915912
11 29 31.734812
11 30 107.020362
11 31 502.302934
11 32 40.830087
11 33 151.891956
11 34 28.873239
11 35 91.636929
11 36 317.193514
11 37 163.614725
11 38 12.704343
11 39 357.455913
11 40 102.476471
11 41 96.993995
11 42 106.022841
11 43 42.228436
11 44 58.532311
11 45 260.145884
11 46 33.291110
11 47 116.340771
11 48 147.359664
11 49 536.839250
11 50 39.462501
11 51 229.215693
11 52 6633.914076
11 53 16.671717
11 54 62.865510
11 55 285.147659
11 56 42.179410
11 57 142.651688
11 58 250.763898
11 59 59.752689
11 60 78.732627
12 13 292.313741
12 14 69.747805
12 15 61.091286
12 16 44.631782
12 17 207.987663
12 18 54.120778
12 19 97.164074
12 20 80.608888
12 21 66.940471
12 22 10.570823
12 23 46.109255
12 24 109.725673
12 25 33.753329
12 26 31.575620
12 27 35.948724
12 28 35.643942
12 29 16.907506
12 30 57.001285
12 31 267.529592
12 32 21.748324
12 33 80.900917
12 34 15.383052
12 35 48.811397
12 36 168.939085
12 37 87.141673
12 38 6.768572
12 39 190.383713
12 40 54.582136
12 41 51.664601
12 42 56.467919
12 43 22.494780
12 44 31.175626
12 45 138.556801
12 46 17.733161
12 47 61.967445
12 48 78.486620
12 49 285.923733
12 50 21.021923
12 51 122.084107
12 52 3533.219922
12 53 8.880614
12 54 33.487310
12 55 151.870359
12 56 22.469559
12 57 75.980450
12 58 133.560616
12 59 31.825681
12 60 41.940547
13 14 427.596614
13 15 374.532424
13 16 273.620284
13 17 1275.116223
13 18 331.803061
13 19 595.693313
13 20 494.184575
13 21 410.393740
13 22 64.766219
13 23 282.667033
13 24 672.727949
13 25 206.932100
13 26 193.560973
13 27 220.364302
13 28 218.504854
13 29 103.624344
13 30 349.463865
13 31 1640.220039
13 32 133.324554
13 33 495.986738
13 34 94.279221
13 35 299.228857
13 36 1035.761846
13 37 534.268582
13 38 41.482583
13 39 1167.232767
13 40 334.626039
13 41 316.722240
13 42 346.205956
13 43 137.891763
13 44 191.130381
13 45 849.478161
13 46 108.706201
13 47 379.897168
13 48 481.186973
13 49 1752.993535
13 50 128.858806
13 51 748.479239
13 52 21662.392289
13 53 54.435495
13 54 205.279385
13 55 931.122188
13 56 137.728189
13 57 465.812011
13 58 818.844690
13 59 195.112980
13 60 257.092136
14 15 89.361737
14 16 65.285110
14 17 304.236106
14 18 79.165538
14 19 142.127945
14 20 117.910773
14 21 97.917728
14 22 15.456318
14 23 67.445164
14 24 160.505750
14 25 49.372682
14 26 46.185472
14 27 52.580846
14 28 52.136205
14 29 24.727849
14 30 83.380142
14 31 391.340364
14 32 31.811543
14 33 118.339713
14 34 22.497339
14 35 71.396277
14 36 247.122427
14 37 127.470725
14 38 9.898532
14 39 278.491785
14 40 79.840048
14 41 75.569895
14 42 82.600947
14 43 32.902418
14 44 45.602315
14 45 202.679037
14 46 25.939367
14 47 90.642948
14 48 114.807911
14 49 418.246859
14 50 30.746507
14 51 178.581917
14 52 5168.393211
14 53 12.988119
14 54 48.981266
14 55 222.155806
14 56 32.863814
14 57 111.140993
14 58 195.369752
14 59 46.554690
14 60 61.345697
15 16 57.182208
15 17 266.479349
15 18 69.342164
15 19 124.489853
15 20 103.277644
15 21 85.765993
15 22 13.537658
15 23 59.074946
15 24 140.586811
15 25 43.245334
15 26 40.452348
15 27 46.054442
15 28 45.664891
15 29 21.658707
15 30 73.032177
15 31 342.775651
15 32 27.863815
15 33 103.653658
15 34 19.706517
15 35 62.536288
15 36 216.455238
15 37 111.651750
15 38 8.670238
15 39 243.930219
15 40 69.932104
15 41 66.192537
15 42 72.350135
15 43 28.819340
15 44 39.943328
15 45 177.527021
15 46 22.718747
15 47 79.395189
15 48 100.559801
15 49 366.342249
15 50 26.931322
15 51 156.420010
15 52 4526.998696
15 53 11.376191
15 54 42.903107
15 55 194.586152
15 56 28.786776
15 57 97.348052
15 58 171.124658
15 59 40.775651
15 60 53.731566
16 17 194.682987
16 18 50.659263
16 19 90.948898
16 20 75.451819
16 21 62.658654
16 22 9.890683
16 23 43.158721
16 24 102.707857
16 25 31.593826
16 26 29.555288
16 27 33.647770
16 28 33.363963
16 29 15.823518
16 30 53.354936
16 31 250.419620
16 32 20.356964
16 33 75.726039
16 34 14.398632
16 35 45.687227
16 36 158.135206
16 37 81.568979
16 38 6.335826
16 39 178.208829
16 40 51.090676
16 41 48.357466
16 42 52.856854
16 43 21.055752
16 44 29.181091
16 45 129.695231
16 46 16.599905
16 47 58.003540
16 48 73.466185
16 49 267.636620
16 50 19.676782
16 51 114.273399
16 52 3307.270894
16 53 8.313206
16 54 31.344080
16 55 142.158035
16 56 21.032577
16 57 71.118977
16 58 125.017153
16 59 29.790716
16 60 39.254012
17 18 236.073101
17 19 423.829745
17 20 351.611262
17 21 291.992408
17 22 46.087670
17 23 201.118625
17 24 478.636884
17 25 147.234406
17 26 137.724129
17 27 156.794551
17 28 155.472054
17 29 73.735597
17 30 248.640505
17 31 1166.997434
17 32 94.861324
17 33 352.889076
17 34 67.087118
17 35 212.904955
17 36 736.931161
17 37 380.122429
17 38 29.518973
17 39 830.480159
17 40 238.084846
17 41 225.349020
17 42 246.321150
17 43 98.117092
17 44 135.988975
17 45 604.401293
17 46 77.348761
17 47 270.297752
17 48 342.358512
17 49 1247.235007
17 50 91.687973
17 51 532.534946
17 52 15412.535484
17 53 38.729208
17 54 146.061590
17 55 662.479209
17 56 98.002661
17 57 331.426290
17 58 582.598460
17 59 138.824975
17 60 182.931217
18 19 110.287805
18 20 91.494272
18 21 75.980536
18 22 11.993442
18 23 52.334561
18 24 124.547821
18 25 38.311839
18 26 35.836458
18 27 40.800264
18 28 40.454532
18 29 19.186471
18 30 64.701400
18 31 303.667504
18 32 24.685199
18 33 91.827182
18 34 17.458063
18 35 55.400592
18 36 191.760489
18 37 98.914575
18 38 7.681311
18 39 216.100491
18 40 61.952886
18 41 58.639241
18 42 64.096265
18 43 25.530755
18 44 35.386229
18 45 157.272027
18 46 20.126608
18 47 70.335313
18 48 89.087782
18 49 324.545580
18 50 23.858567
18 51 138.572289
18 52 4010.518228
18 53 10.078707
18 54 38.008016
18 55 172.387590
18 56 25.502464
18 57 86.240039
18 58 151.600389
18 59 36.122856
18 60 47.601971
19 20 164.261842
19 21 136.409607
19 22 21.531731
19 23 93.957586
19 24 223.604908
19 25 68.781294
19 26 64.338942
19 27 73.249624
19 28 72.630730
19 29 34.445689
19 30 116.157245
19 31 545.182023
19 32 44.316704
19 33 164.859121
19 34 31.341175
19 35 99.461223
19 36 344.271670
19 37 177.582132
19 38 13.790451
19 39 387.970425
19 40 111.226154
19 41 105.275954
19 42 115.073028
19 43 45.836066
19 44 63.529736
19 45 282.353984
19 46 36.134369
19 47 126.275182
19 48 159.940301
19 49 582.665881
19 50 42.833298
19 51 248.783828
19 52 7200.191195
19 53 18.094835
19 54 68.235167
19 55 309.489313
19 56 45.780968
19 57 154.829707
19 58 272.171750
19 59 64.852964
19 60 85.457887
20 21 113.166739
20 22 17.864722
20 23 77.951026
20 24 185.500899
20 25 57.060738
20 26 53.376817
20 27 60.769982
20 28 60.256579
20 29 28.579147
20 30 96.363739
20 31 452.281961
20 32 36.766506
20 33 136.768018
20 34 26.002656
20 35 82.514145
20 36 285.606938
20 37 147.320685
20 38 11.440018
20 39 321.860077
20 40 92.274973
20 41 87.338513
20 42 95.464133
20 43 38.026623
20 44 52.704142
20 45 234.242243
20 46 29.978155
20 47 104.758191
20 48 132.686895
20 49 483.378258
20 50 35.536315
20 51 206.391111
20 52 5973.247450
20 53 15.011266
20 54 56.609599
20 55 256.750604
20 56 37.984751
20 57 128.447462
20 58 225.793976
20 59 53.802029
20 60 70.897071
21 22 14.833879
21 23 64.731613
21 24 154.048221
21 25 47.386294
21 26 44.325348
21 27 50.465105
21 28 50.041260
21 29 23.732384
21 30 80.025754
21 31 375.595984
21 32 30.531977
21 33 113.578415
21 34 21.593174
21 35 68.523897
21 36 237.180844
21 37 122.342423
21 38 9.498947
21 39 267.287634
21 40 76.628141
21 41 72.528966
21 42 79.277404
21 43 31.580417
21 44 43.767785
21 45 194.521991
21 46 24.895267
21 47 86.997999
21 48 110.189264
21 49 401.418570
21 50 29.510352
21 51 171.395811
21 52 4960.451128
21 53 12.465836
21 54 47.010656
21 55 213.217833
21 56 31.541546
21 57 106.669132
21 58 187.509777
21 59 44.681150
21 60 58.876189
22 23 10.221319
22 24 24.311459
22 25 7.480154
22 26 7.000352
22 27 7.972547
22 28 7.904102
22 29 3.750781
22 30 12.631655
22 31 59.276967
22 32 4.821315
22 33 17.927763
22 34 3.411416
22 35 10.819575
22 36 37.433306
22 37 19.308065
22 38 1.502830
22 39 42.187116
22 40 12.096435
22 41 11.451217
22 42 12.511173
22 43 4.989373
22 44 6.909051
22 45 30.702551
22 46 3.932395
22 47 13.735435
22 48 17.391028
22 49 63.353529
22 50 4.662565
22 51 27.053274
22 52 782.829605
22 53 1.966874
22 54 7.424753
22 55 33.650240
22 56 4.984250
22 57 16.838746
22 58 29.595924
22 59 7.052955
22 60 9.299725
23 24 106.104703
23 25 32.638323
23 26 30.532088
23 27 34.763169
23 28 34.469121
23 29 16.348952
23 30 55.119702
23 31 258.700655
23 32 21.031488
23 33 78.230969
23 34 14.876273
23 35 47.198919
23 36 163.365666
23 37 84.266015
23 38 6.545516
23 39 184.101632
23 40 52.782172
23 41 49.958749
23 42 54.604445
23 43 21.753010
23 44 30.147025
23 45 133.984264
23 46 17.148799
23 47 59.922384
23 48 75.896825
23 49 276.486825
23 50 20.328644
23 51 118.054904
23 52 3416.609303
23 53 8.587095
23 54 32.382162
23 55 146.858272
23 56 21.730377
23 57 73.472240
23 58 129.152974
23 59 30.775762
23 60 40.555525
24 25 77.675280
24 26 72.656420
24 27 82.718990
24 28 82.021372
24 29 38.897280
24 30 131.177280
24 31 615.683111
24 32 50.045993
24 33 186.176110
24 34 35.390035
24 35 112.321018
24 36 388.790690
24 37 200.546030
24 38 15.572916
24 39 438.141047
24 40 125.607687
24 41 118.887536
24 42 129.954387
24 43 51.761178
24 44 71.744475
24 45 318.865482
24 46 40.805245
24 47 142.602289
24 48 180.621864
24 49 658.014584
24 50 48.370324
24 51 280.954305
24 52 8131.327651
24 53 20.433747
24 54 77.055466
24 55 349.511766
24 56 51.698749
24 57 174.849653
24 58 307.366932
24 59 73.240156
24 60 96.505615
25 26 22.350527
25 27 25.445659
25 28 25.228776
25 29 11.966157
25 30 40.351558
25 31 189.385775
25 32 15.394758
25 33 57.268661
25 34 10.887273
25 35 34.551325
25 36 119.592786
25 37 61.688606
25 38 4.789993
25 39 134.773357
25 40 38.638006
25 41 36.571049
25 42 39.973935
25 43 15.923163
25 44 22.068958
25 45 98.084324
25 46 12.552674
25 47 43.865529
25 48 55.559998
25 49 202.406786
25 50 14.879457
25 51 86.422217
25 52 2501.206797
25 53 6.285383
25 54 23.703304
25 55 107.511046
25 56 15.904713
25 57 53.785790
25 58 94.547457
25 59 22.528994
25 60 29.686741
26 27 23.802811
26 28 23.601455
26 29 11.196392
26 30 37.744123
26 31 177.149782
26 32 14.400904
26 33 53.570238
26 34 10.186671
26 35 32.319772
26 36 111.866226
26 37 57.702423
26 38 4.481810
26 39 126.070646
26 40 36.142649
26 41 34.210351
26 42 37.391540
26 43 14.895790
26 44 20.643685
26 45 91.748378
26 46 11.742755
26 47 41.033386
26 48 51.970548
26 49 189.330449
26 50 13.920803
26 51 80.840483
26 52 2339.595454
26 53 5.879942
26 54 22.175589
26 55 100.563447
26 56 14.878387
26 57 50.312160
26 58 88.440486
26 59 21.075588
26 60 27.771477
27 28 26.885683
27 29 12.749443
27 30 42.972113
27 31 201.684042
27 32 16.396571
27 33 60.989567
27 34 11.602727
27 35 36.799273
27 36 127.358782
27 37 65.692817
27 38 5.103809
27 39 143.529633
27 40 41.148845
27 41 38.950847
27 42 42.569016
27 43 16.968194
27 44 23.502196
27 45 104.457025
27 46 13.368806
27 47 46.720642
27 48 59.169314
27 49 215.546670
27 50 15.851994
27 51 92.039543
27 52 2663.555850
27 53 6.696897
27 54 25.248805
27 55 114.490675
27 56 16.945627
27 57 57.281382
27 58 100.686967
27 59 23.998252
27 60 31.621405
28 29 12.638200
28 30 42.607885
28 31 199.981212
28 32 16.258521
28 33 60.475279
28 34 11.500724
28 35 36.488122
28 36 126.286196
28 37 65.137805
28 38 5.058990
28 39 142.318262
28 40 40.801270
28 41 38.619746
28 42 42.210407
28 43 16.826091
28 44 23.305654
28 45 103.573098
28 46 13.255774
28 47 46.327877
28 48 58.669955
28 49 213.728164
28 50 15.716242
28 51 91.262200
28 52 2641.085116
28 53 6.637690
28 54 25.033530
28 55 113.524485
28 56 16.800112
28 57 56.797501
28 58 99.837869
28 59 23.800364
28 60 31.352893
29 30 20.208505
29 31 94.840760
29 32 7.711627
29 33 28.681938
29 34 5.457213
29 35 17.306829
29 36 59.890523
29 37 30.891994
29 38 2.401651
29 39 67.495032
29 40 19.350972
29 41 18.317601
29 42 20.017672
29 43 7.978023
29 44 11.052939
29 45 49.120272
29 46 6.287502
29 47 21.971762
29 48 27.825880
29 49 101.360609
29 50 7.455449
29 51 43.282152
29 52 1252.516335
29 53 3.148793
29 54 11.873453
29 55 53.837665
29 56 7.969124
29 57 26.937724
29 58 47.349034
29 59 11.286909
29 60 14.877277
30 31 319.832377
30 32 25.998239
30 33 96.715442
30 34 18.386216
30 35 58.349921
30 36 201.966815
30 37 104.179749
30 38 8.089243
30 39 227.603360
30 40 65.250340
30 41 61.760699
30 42 67.507454
30 43 26.891012
30 44 37.270050
30 45 165.643569
30 46 21.198460
30 47 74.079685
30 48 93.829859
30 49 341.821398
30 50 25.128328
30 51 145.949787
30 52 4223.991326
30 53 10.615187
30 54 40.030582
30 55 181.563434
30 56 26.857410
30 57 90.832383
30 58 159.670538
30 59 38.046065
30 60 50.135744
31 32 122.020318
31 33 453.931051
31 34 86.287789
31 35 273.858377
31 36 947.934081
31 37 488.964146
31 38 37.965617
31 39 1068.257375
31 40 306.252736
31 41 289.868533
31 42 316.848726
31 43 126.202408
31 44 174.924199
31 45 777.448779
31 46 99.490675
31 47 347.687108
31 48 440.386726
31 49 1604.347112
31 50 117.934214
31 51 685.012989
31 52 19825.482834
31 53 49.819211
31 54 187.876239
31 55 852.167137
31 56 126.054048
31 57 426.316105
31 58 749.411917
31 59 178.570674
31 60 235.295620
32 33 36.898965
32 34 7.016704
32 35 22.262398
32 36 77.054342
32 37 39.745705
32 38 3.088051
32 39 86.834465
32 40 24.895427
32 41 23.564150
32 42 25.755323
32 43 10.260932
32 44 14.219775
32 45 63.196719
32 46 8.088838
32 47 28.264255
32 48 35.798319
32 49 130.409792
32 50 9.588093
32 51 55.682547
32 52 1611.502202
32 53 4.050652
32 54 15.273786
32 55 69.268578
32 56 10.248874
32 57 34.654347
32 58 60.917052
32 59 14.516789
32 60 19.129559
33 34 26.095576
33 35 82.814213
33 36 286.647718
33 37 147.858749
33 38 11.481351
33 39 323.032511
33 40 92.609115
33 41 87.655071
33 42 95.811982
33 43 38.165213
33 44 52.895841
33 45 235.094433
33 46 30.086246
33 47 105.140483
33 48 133.170015
33 49 485.139387
33 50 35.663963
33 51 207.144021
33 52 5995.020366
33 53 15.065984
33 54 56.814134
33 55 257.687203
33 56 38.116613
33 57 128.915430
33 58 226.616489
33 59 53.998384
33 60 71.152844
34 35 15.745898
34 36 54.489962
34 37 28.106056
34 38 2.187136
34 39 61.408621
34 40 17.607067
34 41 16.667077
34 42 18.212958
34 43 7.260807
34 44 10.055992
34 45 44.692688
34 46 5.721465
34 47 19.993718
34 48 25.315951
34 49 92.219036
34 50 6.783718
34 51 39.378319
34 52 1139.547733
34 53 2.866049
34 54 10.805075
34 55 48.982887
34 56 7.253068
34 57 24.508383
34 58 43.079681
34 59 10.266112
34 60 13.534332
35 36 172.935945
35 37 89.203804
35 38 6.927992
35 39 194.888904
35 40 55.872546
35 41 52.886186
35 42 57.803569
35 43 23.028996
35 44 31.912705
35 45 141.835320
35 46 18.153815
35 47 63.432871
35 48 80.343115
35 49 292.686582
35 50 21.518200
35 51 124.971709
35 52 3616.798401
35 53 9.089831
35 54 34.278828
35 55 155.463474
35 56 23.001156
35 57 77.779352
35 58 136.719690
35 59 32.579022
35 60 42.931751
36 37 308.770178
36 38 23.976372
36 39 674.581464
36 40 193.392487
36 41 183.045924
36 42 200.082998
36 43 79.695491
36 44 110.460920
36 45 490.940515
36 46 62.825411
36 47 219.558198
36 48 278.094324
36 49 1013.108116
36 50 74.473642
36 51 432.571274
36 52 12519.335262
36 53 31.460416
36 54 118.640271
36 55 538.123912
36 56 79.603538
36 57 269.208515
36 58 473.236905
36 59 112.763656
36 60 148.583563
37 38 12.366810
37 39 347.961935
37 40 99.755100
37 41 94.418224
37 42 103.206846
37 43 41.107387
37 44 56.977945
37 45 253.236910
37 46 32.406741
37 47 113.251378
37 48 143.446754
37 49 522.582834
37 50 38.414193
37 51 223.128320
37 52 6457.736325
37 53 16.227988
37 54 61.196039
37 55 277.576417
37 56 41.059115
37 57 138.863301
37 58 244.105130
37 59 58.164961
37 60 76.642952
38 39 27.015842
38 40 7.746135
38 41 7.333318
38 42 8.014183
38 43 3.193163
38 44 4.424579
38 45 19.664493
38 46 2.516284
38 47 8.795500
38 48 11.139166
38 49 40.575920
38 50 2.984775
38 51 17.326751
38 52 501.399992
38 53 1.261749
38 54 4.754198
38 55 21.552104
38 56 3.189762
38 57 10.784399
38 58 18.954502
38 59 4.520831
38 60 5.956539
39 40 217.941387
39 41 206.281613
39 42 225.480265
39 43 89.815223
39 44 124.482684
39 45 553.257874
39 46 70.803660
39 47 247.431568
39 48 313.393585
39 49 1141.705010
39 50 83.928221
39 51 487.478820
39 52 14108.454149
39 53 35.456499
39 54 133.700150
39 55 606.427693
39 56 89.701793
39 57 303.381461
39 58 533.306048
39 59 127.078730
39 60 167.446871
40 41 59.139325
40 42 64.641527
40 43 25.749329
40 44 35.687301
40 45 158.611205
40 46 20.299104
40 47 70.934298
40 48 89.846193
40 49 327.308853
40 50 24.062791
40 51 139.752847
40 52 4044.653337
40 53 10.164762
40 54 38.331603
40 55 173.853044
40 56 25.719905
40 57 86.975494
40 58 152.891392
40 59 36.431065
40 60 48.005450
41 42 61.182827
41 43 24.373033
41 44 33.778552
41 45 150.126534
41 46 19.214016
41 47 67.141311
41 48 85.039992
41 49 309.796774
41 50 22.776115
41 51 132.277246
41 52 3828.241969
41 53 9.621453
41 54 36.282042
41 55 164.551935
41 56 24.344901
41 57 82.325150
41 58 144.712623
41 59 34.483690
41 60 45.440109
42 43 26.637648
42 44 36.921720
42 45 164.097768
42 46 20.999514
42 47 73.386696
42 48 92.953290
42 49 338.633672
42 50 24.892798
42 51 144.587039
42 52 4184.624170
42 53 10.515958
42 54 39.655082
42 55 179.868993
42 56 26.606088
42 57 89.983399
42 58 158.180216
42 59 37.691432
42 60 49.664017
43 44 14.706567
43 45 65.363687
43 46 8.368001
43 47 29.237564
43 48 37.025587
43 49 134.878000
43 50 9.919593
43 51 57.592874
43 52 1666.704068
43 53 4.190337
43 54 15.799484
43 55 71.641864
43 56 10.604074
43 57 35.844399
43 58 63.006157
43 59 15.016278
43 60 19.788062
44 45 90.594785
44 46 11.594165
44 47 40.517003
44 48 51.317519
44 49 186.950776
44 50 13.742725
44 51 79.823547
44 52 2310.208504
44 53 5.804615
44 54 21.893999
44 55 99.301564
44 56 14.691007
44 57 49.678151
44 58 87.327213
44 59 20.809988
44 60 27.419258
45 46 51.529390
45 47 180.070632
45 48 228.079391
45 49 830.900488
45 50 61.082867
45 51 354.773175
45 52 10267.718910
45 53 25.802316
45 54 97.304259
45 55 441.342121
45 56 65.286800
45 57 220.793019
45 58 388.125238
45 59 92.483253
45 60 121.863574
46 47 23.047565
46 48 29.188180
46 49 106.331339
46 50 7.819839
46 51 45.401859
46 52 1313.943428
46 53 3.302083
46 54 12.452837
46 55 56.478176
46 56 8.355368
46 57 28.257266
46 58 49.669386
46 59 11.838164
46 60 15.595518
47 48 102.000892
47 49 371.590005
47 50 27.320273
47 51 158.662472
47 52 4591.838500
47 53 11.541622
47 54 43.519989
47 55 197.374333
47 56 29.201072
47 57 98.743151
47 58 173.576669
47 59 41.362696
47 60 54.504197
48 49 470.663672
48 50 34.600920
48 51 200.961295
48 52 5816.144717
48 53 14.615804
48 54 55.118693
48 55 249.998382
48 56 36.983786
48 57 125.068805
48 58 219.854777
48 59 52.388284
48 60 69.029402
49 50 126.041840
49 51 732.110836
49 52 21188.596363
49 53 53.244908
49 54 200.793029
49 55 910.756803
49 56 134.718501
49 57 455.626689
49 58 800.936942
49 59 190.847794
49 60 251.472614
50 51 53.817949
50 52 1557.528942
50 53 3.915435
50 54 14.763785
50 55 66.948920
50 56 9.907314
50 57 33.494615
50 58 58.878371
50 59 14.029796
50 60 18.489601
51 52 9046.922716
51 53 22.734494
51 54 85.735620
51 55 388.868309
51 56 57.523934
51 57 194.542557
51 58 341.980551
51 59 81.486168
51 60 107.376083
52 53 657.959835
52 54 2481.227514
52 55 11254.549763
52 56 1664.735033
52 57 5630.306200
52 58 9897.442893
52 59 2358.349886
52 60 3107.483524
53 54 6.236904
53 55 28.280915
53 56 4.181006
53 57 14.150532
53 58 24.871653
53 59 5.928349
53 60 7.810979
54 55 106.653133
54 56 15.781922
54 57 53.358478
54 58 93.795623
54 59 22.352108
54 60 29.454725
55 56 71.555745
55 57 242.010560
55 58 425.426232
55 59 101.370540
55 60 133.572177
56 57 35.800218
56 58 62.931034
56 59 14.999956
56 60 19.769283
57 58 212.830230
57 59 50.716462
57 60 66.825918
58 59 89.148221
58 60 117.469709
59 60 27.999020
