3.000000
0.100000
-0.900000
0.070000
65
3949.890660
5561.975885
2630.592211
16883.072280
28521.425220
5547.059077
5210.269135
2629.878639
48888.761910
14863.297989
8826.032287
8632.887489
7102.761860
670.253908
3648.720741
6588.164030
9981.120154
3303.169217
2866.307116
16291.965328
2197.919750
13313.943083
26608.590188
27597.981215
16925.392286
7110.650729
9872.376269
2799.136898
3019.207055
21378.839884
7533.393371
4473.564013
3445.570470
15444.770051
13279.618060
12590.109389
5046.602299
5205.616977
22674.865237
3990.338144
7384.658505
3008.744272
12707.912135
23959.599894
30543.815459
50881.914157
964.493639
7841.572317
4007.243566
64233.547662
1641.389439
30585.617773
6816.928607
12802.896410
45352.526857
6134.793439
9614.856099
8843.890063
24986.052120
20644.038606
10558.954558
5293.192694
6640.357884
3145.713888
5533.936036
1 2 28.772406
1 3 13.609857
1 4 87.331820
1 5 147.530108
1 6 28.700609
1 7 26.953487
1 8 13.611123
1 9 252.882572
1 10 76.885064
1 11 45.656669
1 12 44.655585
1 13 36.743615
1 14 3.466023
1 15 18.891377
1 16 34.081060
1 17 51.629906
1 18 17.087891
1 19 14.831775
1 20 84.277795
1 21 11.371773
1 22 68.873920
1 23 137.634854
1 24 142.753065
1 25 87.549844
1 26 36.785791
1 27 51.066415
1 28 14.483315
1 29 15.626090
1 30 110.586707
1 31 38.968303
1 32 23.144023
1 33 17.830935
1 34 79.889469
1 35 68.692885
1 36 65.126591
1 37 26.108543
1 38 26.927512
1 39 117.289421
1 40 20.646386
1 41 38.199545
1 42 15.565908
1 43 65.736058
1 44 123.934466
1 45 157.991169
1 46 263.193338
1 47 4.988429
1 48 40.573750
1 49 20.732405
1 50 332.266488
1 51 8.492241
1 52 158.205944
1 53 35.261341
1 54 66.228436
1 55 234.597501
1 56 31.735364
1 57 49.738763
1 58 45.746038
1 59 129.251718
1 60 106.787614
1 61 54.621650
1 62 27.382120
1 63 34.358957
1 64 16.275802
1 65 28.631209
2 3 19.163071
2 4 122.982287
2 5 207.757564
2 6 40.408349
2 7 37.956171
2 8 19.158838
2 9 356.117398
2 10 108.270682
2 11 64.293310
2 12 62.885574
2 13 51.740986
2 14 4.881321
2 15 26.580919
2 16 47.992895
2 17 72.705950
2 18 24.062062
2 19 20.878929
2 20 118.677230
2 21 16.012508
2 22 96.984132
2 23 193.823265
2 24 201.030410
2 25 123.290066
2 26 51.798985
2 27 71.913845
2 28 20.389971
2 29 21.995599
2 30 155.729462
2 31 54.877763
2 32 32.588379
2 33 25.103701
2 34 112.503931
2 35 96.734499
2 36 91.711400
2 37 36.762453
2 38 37.920768
2 39 165.169840
2 40 29.071239
2 41 53.793657
2 42 21.918366
2 43 92.568459
2 44 174.529442
2 45 222.489828
2 46 370.635346
2 47 7.025666
2 48 57.122350
2 49 29.193385
2 50 467.894330
2 51 11.956386
2 52 222.793149
2 53 49.656967
2 54 93.262087
2 55 330.359224
2 56 44.690087
2 57 70.038702
2 58 64.422238
2 59 182.005243
2 60 150.378494
2 61 76.915204
2 62 38.555090
2 63 48.373547
2 64 22.914865
2 65 40.312948
3 4 58.163443
3 5 98.259570
3 6 19.111543
3 7 17.951782
3 8 9.061920
3 9 168.426474
3 10 51.207491
3 11 30.408057
3 12 29.741851
3 13 24.471014
3 14 2.309122
3 15 12.572644
3 16 22.698645
3 17 34.386467
3 18 11.381448
3 19 9.876815
3 20 56.129109
3 21 7.572657
3 22 45.868230
3 23 91.669885
3 24 95.077899
3 25 58.310683
3 26 24.499151
3 27 34.011614
3 28 9.643954
3 29 10.404341
3 30 73.653486
3 31 25.954566
3 32 15.414600
3 33 11.872630
3 34 53.209135
3 35 45.750542
3 36 43.375239
3 37 17.388161
3 38 17.935552
3 39 78.117651
3 40 13.748654
3 41 25.442679
3 42 10.367707
3 43 43.781868
3 44 82.543844
3 45 105.227501
3 46 175.293088
3 47 3.323061
3 48 27.018620
3 49 13.807624
3 50 221.290102
3 51 5.657890
3 52 105.370424
3 53 23.485593
3 54 44.109038
3 55 156.244244
3 56 21.136482
3 57 33.125619
3 58 30.468239
3 59 86.080835
3 60 71.122248
3 61 36.377920
3 62 18.235152
3 63 22.877897
3 64 10.841246
3 65 19.066009
4 5 630.641108
4 6 122.651289
4 7 115.203845
4 8 58.150150
4 9 1080.982970
4 10 328.648173
4 11 195.155643
4 12 190.882396
4 13 157.049200
4 14 14.817031
4 15 80.674516
4 16 145.669230
4 17 220.692658
4 18 73.035050
4 19 63.375372
4 20 360.231833
4 21 48.592477
4 22 294.390997
4 23 588.345365
4 24 610.220914
4 25 374.240539
4 26 157.227311
4 27 218.288912
4 28 61.894146
4 29 66.776572
4 30 472.707739
4 31 166.569790
4 32 98.917034
4 33 76.190132
4 34 341.500114
4 35 293.627988
4 36 278.383389
4 37 111.586456
4 38 115.101500
4 39 501.365879
4 40 88.233426
4 41 163.282314
4 42 66.525732
4 43 280.982896
4 44 529.777157
4 45 675.358372
4 46 1125.053227
4 47 21.325921
4 48 173.380356
4 49 88.608582
4 50 1420.300995
4 51 36.293003
4 52 676.281505
4 53 150.728963
4 54 283.086926
4 55 1002.799536
4 56 135.648801
4 57 212.597470
4 58 195.547221
4 59 552.466901
4 60 456.461733
4 61 233.469883
4 62 117.033821
4 63 146.830604
4 64 69.554533
4 65 122.366849
5 6 207.197692
5 7 194.622160
5 8 98.227887
5 9 1826.199374
5 10 555.202025
5 11 329.684462
5 12 322.472533
5 13 265.312517
5 14 25.031201
5 15 136.279406
5 16 246.091891
5 17 372.834570
5 18 123.383148
5 19 107.062408
5 20 608.567149
5 21 82.090606
5 22 497.320816
5 23 993.942447
5 24 1030.900607
5 25 632.231197
5 26 265.602542
5 27 368.773444
5 28 104.554567
5 29 112.766300
5 30 798.587565
5 31 281.402260
5 32 167.100961
5 33 128.696179
5 34 576.925935
5 35 496.045631
5 36 470.289251
5 37 188.505586
5 38 194.449374
5 39 846.999504
5 40 149.047042
5 41 275.842799
5 42 112.385077
5 43 474.691908
5 44 894.986506
5 45 1140.936798
5 46 1900.651483
5 47 36.028603
5 48 292.907498
5 49 149.678910
5 50 2399.369346
5 51 61.312983
5 52 1142.502063
5 53 254.638654
5 54 478.235745
5 55 1694.096424
5 56 229.155340
5 57 359.148939
5 58 330.355221
5 59 933.329294
5 60 771.136546
5 61 394.418770
5 62 197.715305
5 63 248.032865
5 64 117.491726
5 65 206.694998
6 7 37.853797
6 8 19.109462
6 9 355.159139
6 10 107.979203
6 11 64.119641
6 12 62.716006
6 13 51.601508
6 14 4.868902
6 15 26.509901
6 16 47.866292
6 17 72.509404
6 18 23.996751
6 19 20.824804
6 20 118.358841
6 21 15.970381
6 22 96.723548
6 23 193.300540
6 24 200.489225
6 25 122.957374
6 26 51.660338
6 27 71.721091
6 28 20.336365
6 29 21.936354
6 30 155.312048
6 31 54.729962
6 32 32.501126
6 33 25.035181
6 34 112.202312
6 35 96.473385
6 36 91.464481
6 37 36.665075
6 38 37.819054
6 39 164.725324
6 40 28.991899
6 41 53.649601
6 42 21.859256
6 43 92.321219
6 44 174.058704
6 45 221.890352
6 46 369.637726
6 47 7.006904
6 48 56.972158
6 49 29.114338
6 50 466.633120
6 51 11.924334
6 52 222.192794
6 53 49.523017
6 54 93.012011
6 55 329.471286
6 56 44.569822
6 57 69.850049
6 58 64.249382
6 59 181.516638
6 60 149.973672
6 61 76.708979
6 62 38.454734
6 63 48.243702
6 64 22.851221
6 65 40.203729
7 8 17.947588
7 9 333.602147
7 10 101.425321
7 11 60.227726
7 12 58.909116
7 13 48.468491
7 14 4.572631
7 15 24.899299
7 16 44.957888
7 17 68.108636
7 18 22.541370
7 19 19.559806
7 20 111.173194
7 21 14.999741
7 22 90.850138
7 23 181.569506
7 24 188.320462
7 25 115.494510
7 26 48.524140
7 27 67.366624
7 28 19.100848
7 29 20.603400
7 30 145.884587
7 31 51.406604
7 32 30.526485
7 33 23.514343
7 34 105.390605
7 35 90.617713
7 36 85.911974
7 37 34.438246
7 38 35.524283
7 39 154.726797
7 40 27.231549
7 41 50.392723
7 42 20.532874
7 43 86.716523
7 44 163.493754
7 45 208.421872
7 46 347.202102
7 47 6.581422
7 48 53.510145
7 49 27.345631
7 50 438.306766
7 51 11.201541
7 52 208.707293
7 53 46.517238
7 54 87.365784
7 55 309.471212
7 56 41.863962
7 57 65.609804
7 58 60.348988
7 59 170.497922
7 60 140.869802
7 61 72.052111
7 62 36.120283
7 63 45.312699
7 64 21.462556
7 65 37.761379
8 9 168.372297
8 10 51.192119
8 11 30.399206
8 12 29.733790
8 13 24.464590
8 14 2.307764
8 15 12.570511
8 16 22.693323
8 17 34.376115
8 18 11.377917
8 19 9.874719
8 20 56.114649
8 21 7.574556
8 22 45.855803
8 23 91.639522
8 24 95.046465
8 25 58.292505
8 26 24.494508
8 27 34.001378
8 28 9.643041
8 29 10.404845
8 30 73.629696
8 31 25.946359
8 32 15.409799
8 33 11.872653
8 34 53.192600
8 35 45.737489
8 36 43.362806
8 37 17.384015
8 38 17.929692
8 39 78.092754
8 40 13.747377
8 41 25.435814
8 42 10.365255
8 43 43.767845
8 44 82.518994
8 45 105.192567
8 46 175.236660
8 47 3.322356
8 48 27.013161
8 49 13.805944
8 50 221.223434
8 51 5.655347
8 52 105.335453
8 53 23.477919
8 54 44.097873
8 55 156.195813
8 56 21.131299
8 57 33.116679
8 58 30.458838
8 59 86.055379
8 60 71.101019
8 61 36.367595
8 62 18.230960
8 63 22.876601
8 64 10.835642
8 65 19.064421
9 10 951.673353
9 11 565.113482
9 12 552.752865
9 13 454.774227
9 14 42.904938
9 15 233.597671
9 16 421.829111
9 17 639.079466
9 18 211.490676
9 19 183.514471
9 20 1043.149515
9 21 140.710150
9 22 852.460532
9 23 1703.726697
9 24 1767.076276
9 25 1083.712012
9 26 455.269908
9 27 632.118322
9 28 179.216751
9 29 193.291323
9 30 1368.867266
9 31 482.354589
9 32 286.426349
9 33 220.596124
9 34 988.915109
9 35 850.274909
9 36 806.124416
9 37 323.118365
9 38 333.306999
9 39 1451.849422
9 40 255.481742
9 41 472.822663
9 42 192.640330
9 43 813.675111
9 44 1534.102593
9 45 1955.689872
9 46 3257.925540
9 47 61.756843
9 48 502.076494
9 49 256.563554
9 50 4112.778088
9 51 105.096821
9 52 1958.374558
9 53 436.478723
9 54 819.746479
9 55 2903.867521
9 56 392.795038
9 57 615.619653
9 58 566.265523
9 59 1599.825649
9 60 1321.812882
9 61 676.076310
9 62 338.904035
9 63 425.153559
9 64 201.392275
9 65 354.293696
10 11 171.809738
10 12 168.048533
10 13 138.262861
10 14 13.045189
10 15 71.023680
10 16 128.245627
10 17 194.293412
10 18 64.299443
10 19 55.795366
10 20 317.140765
10 21 42.781370
10 22 259.168538
10 23 517.965836
10 24 537.225780
10 25 329.472137
10 26 138.416840
10 27 192.175934
10 28 54.488337
10 29 58.772573
10 30 416.164145
10 31 146.646168
10 32 87.083007
10 33 67.071828
10 34 300.648814
10 35 258.503104
10 36 245.080800
10 37 98.237382
10 38 101.334488
10 39 441.391621
10 40 77.675510
10 41 143.750026
10 42 58.568447
10 43 247.373616
10 44 466.400511
10 45 594.569678
10 46 990.472286
10 47 18.775470
10 48 152.643322
10 49 78.005205
10 50 1250.374329
10 51 31.952179
10 52 595.383825
10 53 132.697986
10 54 249.222351
10 55 882.834903
10 56 119.420865
10 57 187.164165
10 58 172.155426
10 59 486.381339
10 60 401.859049
10 61 205.541976
10 62 103.035004
10 63 129.262017
10 64 61.230385
10 65 107.717172
11 12 99.790010
11 13 82.103561
11 14 7.745053
11 15 42.176287
11 16 76.154464
11 17 115.373931
11 18 38.181645
11 19 33.132867
11 20 188.321792
11 21 25.406356
11 22 153.898776
11 23 307.573860
11 24 319.010471
11 25 195.644775
11 26 82.194948
11 27 114.116761
11 28 32.356170
11 29 34.901238
11 30 247.122427
11 31 87.080413
11 32 51.712206
11 33 39.830119
11 34 178.529045
11 35 153.502526
11 36 145.532538
11 37 58.335251
11 38 60.173747
11 39 262.103652
11 40 46.126589
11 41 85.361589
11 42 34.779315
11 43 146.893572
11 44 276.954458
11 45 353.062229
11 46 588.152082
11 47 11.148790
11 48 90.642948
11 49 46.321225
11 50 742.486689
11 51 18.974075
11 52 353.544970
11 53 78.798216
11 54 147.991666
11 55 524.236725
11 56 70.914039
11 57 111.140993
11 58 102.228520
11 59 288.818591
11 60 238.628805
11 61 122.053986
11 62 61.184351
11 63 76.758231
11 64 36.358638
11 65 63.966628
12 13 80.307100
12 14 7.576339
12 15 41.251143
12 16 74.489083
12 17 112.850802
12 18 37.346284
12 19 32.406747
12 20 184.201790
12 21 24.849098
12 22 150.529788
12 23 300.845945
12 24 312.032695
12 25 191.364437
12 26 80.393975
12 27 111.622994
12 28 31.647198
12 29 34.133761
12 30 241.717131
12 31 85.176297
12 32 50.578720
12 33 38.955176
12 34 174.626489
12 35 150.143323
12 36 142.347563
12 37 57.058407
12 38 58.856527
12 39 256.370129
12 40 45.114994
12 41 83.492940
12 42 34.017807
12 43 143.680076
12 44 270.894632
12 45 345.338757
12 46 575.286987
12 47 10.904872
12 48 88.659654
12 49 45.306372
12 50 726.237816
12 51 18.558495
12 52 345.812080
12 53 77.076011
12 54 144.753187
12 55 512.768184
12 56 69.361881
12 57 108.708870
12 58 99.993864
12 59 282.500402
12 60 233.407898
12 61 119.383835
12 62 59.845111
12 63 75.076352
12 64 35.563523
12 65 62.563159
13 14 6.234050
13 15 33.941657
13 16 61.286615
13 17 92.847815
13 18 30.726145
13 19 26.663909
13 20 151.552761
13 21 20.446906
13 22 123.849289
13 23 247.518799
13 24 256.722567
13 25 157.444689
13 26 66.146918
13 27 91.836391
13 28 26.038557
13 29 28.088081
13 30 198.871448
13 31 70.079282
13 32 41.615131
13 33 32.054839
13 34 143.671881
13 35 123.530619
13 36 117.116795
13 37 46.945911
13 38 48.424703
13 39 210.927552
13 40 37.120286
13 41 68.694668
13 42 27.990131
13 43 118.213084
13 44 222.878171
13 45 284.126026
13 46 473.313678
13 47 8.972052
13 48 72.945257
13 49 37.277914
13 50 597.509631
13 51 15.269436
13 52 284.513920
13 53 63.414086
13 54 119.095898
13 55 421.877860
13 56 57.068277
13 57 89.443195
13 58 82.268927
13 59 232.426738
13 60 192.035877
13 61 98.224029
13 62 49.237950
13 63 61.774479
13 64 29.260730
13 65 51.477278
14 15 3.202916
14 16 5.781030
14 17 8.759525
14 18 2.899598
14 19 2.516946
14 20 14.297716
14 21 1.930135
14 22 11.683982
14 23 23.352678
14 24 24.220639
14 25 14.854032
14 26 6.241034
14 27 8.663599
14 28 2.456882
14 29 2.650400
14 30 18.761045
14 31 6.611354
14 32 3.926327
14 33 3.023490
14 34 13.553907
14 35 11.653617
14 36 11.049544
14 37 4.429047
14 38 4.568775
14 39 19.899477
14 40 3.501585
14 41 6.479714
14 42 2.639945
14 43 11.152772
14 44 21.027752
14 45 26.806024
14 46 44.654478
14 47 0.846461
14 48 6.882138
14 49 3.516822
14 50 56.370995
14 51 1.438865
14 52 26.842381
14 53 5.982801
14 54 11.236358
14 55 39.801267
14 56 5.384141
14 57 8.438721
14 58 7.761348
14 59 21.927782
14 60 18.117184
14 61 9.266313
14 62 4.645752
14 63 5.828386
14 64 2.770897
14 65 4.855828
15 16 31.481875
15 17 47.691528
15 18 15.785423
15 19 13.700411
15 20 77.850377
15 21 10.507180
15 22 63.621186
15 23 127.140070
15 24 131.868090
15 25 80.873675
15 26 33.982366
15 27 47.172521
15 28 13.378479
15 29 14.434363
15 30 102.153707
15 31 35.997356
15 32 21.379526
15 33 16.471188
15 34 73.796937
15 35 63.452808
15 36 60.160877
15 37 24.117514
15 38 24.876166
15 39 108.344773
15 40 19.071575
15 41 35.289200
15 42 14.379446
15 43 60.723206
15 44 114.483878
15 45 145.943195
15 46 243.121438
15 47 4.606046
15 48 37.473916
15 49 19.155318
15 50 306.924395
15 51 7.843598
15 52 146.139786
15 53 32.573372
15 54 61.179366
15 55 216.704652
15 56 29.319748
15 57 45.945053
15 58 42.259602
15 59 119.394331
15 60 98.643231
15 61 50.456388
15 62 25.293718
15 63 31.735424
15 64 15.040511
15 65 26.449616
16 17 86.121610
16 18 28.502428
16 19 24.731475
16 20 140.574455
16 21 18.965168
16 22 114.874978
16 23 229.589102
16 24 238.125059
16 25 146.038039
16 26 61.355305
16 27 85.183439
16 28 24.151488
16 29 26.051489
16 30 184.466263
16 31 65.003702
16 32 38.598392
16 33 29.729909
16 34 133.263497
16 35 114.581344
16 36 108.631459
16 37 43.545580
16 38 44.917514
16 39 195.647023
16 40 34.430618
16 41 63.718401
16 42 25.961863
16 43 109.649657
16 44 206.730809
16 45 263.542360
16 46 439.024724
16 47 8.322054
16 48 67.662094
16 49 34.576670
16 50 554.221523
16 51 14.163938
16 52 263.903181
16 53 58.820316
16 54 110.469359
16 55 391.314718
16 56 52.934710
16 57 82.959793
16 58 76.310499
16 59 215.588154
16 60 178.124701
16 61 91.107782
16 62 45.671216
16 63 57.294657
16 64 27.142487
16 65 47.746645
17 18 43.178687
17 19 37.467286
17 20 212.969663
17 21 28.728475
17 22 174.038324
17 23 347.830603
17 24 360.763976
17 25 221.250134
17 26 92.948822
17 27 129.053533
17 28 36.589166
17 29 39.464490
17 30 279.467456
17 31 98.478491
17 32 58.477392
17 33 45.038874
17 34 201.896536
17 35 173.591727
17 36 164.578237
17 37 65.968674
17 38 68.047944
17 39 296.408365
17 40 52.159751
17 41 96.531606
17 42 39.329717
17 43 166.119113
17 44 313.201351
17 45 399.271898
17 46 665.132781
17 47 12.607867
17 48 102.505248
17 49 52.381492
17 50 839.657472
17 51 21.456894
17 52 399.819105
17 53 89.111473
17 54 167.359056
17 55 592.849304
17 56 80.193433
17 57 125.685955
17 58 115.608928
17 59 326.619678
17 60 269.860386
17 61 138.028185
17 62 69.190965
17 63 86.801228
17 64 41.116463
17 65 72.332880
18 19 12.400891
18 20 70.479189
18 21 9.509229
18 22 57.595830
18 23 115.107660
18 24 119.388028
18 25 73.218396
18 26 30.761663
18 27 42.707732
18 28 12.109008
18 29 13.061905
18 30 92.485384
18 31 32.589286
18 32 19.352696
18 33 14.905777
18 34 66.813570
18 35 57.448268
18 36 54.464073
18 37 21.832115
18 38 22.520600
18 39 98.090940
18 40 17.263238
18 41 31.947797
18 42 13.016853
18 43 54.974050
18 44 103.648705
18 45 132.131766
18 46 220.112643
18 47 4.172070
18 48 33.923512
18 49 17.335547
18 50 277.871476
18 51 7.102795
18 52 132.312635
18 53 29.490658
18 54 55.386036
18 55 196.193471
18 56 26.539928
18 57 41.594444
18 58 38.258976
18 59 108.088983
18 60 89.306000
18 61 45.677580
18 62 22.897710
18 63 28.724413
18 64 13.607650
18 65 23.940776
19 20 61.158953
19 21 8.254396
19 22 49.977744
19 23 99.882563
19 24 103.595551
19 25 63.534805
19 26 26.693859
19 27 37.058853
19 28 10.510097
19 29 11.337058
19 30 80.252886
19 31 28.280399
19 32 16.794896
19 33 12.936379
19 34 57.976083
19 35 49.849496
19 36 47.261689
19 37 18.945278
19 38 19.541581
19 39 85.116314
19 40 14.981177
19 41 27.721210
19 42 11.294872
19 43 47.703818
19 44 89.939344
19 45 114.654225
19 46 190.996518
19 47 3.620487
19 48 29.439721
19 49 15.043295
19 50 241.116181
19 51 6.162676
19 52 114.809525
19 53 25.589900
19 54 48.060124
19 55 170.242769
19 56 23.030379
19 57 36.093978
19 58 33.198088
19 59 93.793006
19 60 77.493312
19 61 39.637336
19 62 19.871616
19 63 24.929568
19 64 11.810033
19 65 20.774514
20 21 46.894720
20 22 284.077820
20 23 567.753454
20 24 588.864079
20 25 361.140108
20 26 151.719491
20 27 210.648733
20 28 59.724777
20 29 64.417744
20 30 456.166718
20 31 160.743331
20 32 95.452492
20 33 73.516320
20 34 329.548372
20 35 283.349141
20 36 268.636828
20 37 107.679910
20 38 111.073811
20 39 483.818635
20 40 85.141079
20 41 157.567384
20 42 64.198569
20 43 271.152523
20 44 511.229433
20 45 651.719538
20 46 1085.678171
20 47 20.580182
20 48 167.319071
20 49 85.500869
20 50 1370.556092
20 51 35.024185
20 52 652.611487
20 53 145.453712
20 54 273.177137
20 55 967.694230
20 56 130.899118
20 57 205.153566
20 58 188.704223
20 59 533.133362
20 60 440.486354
20 61 225.299407
20 62 112.939227
20 63 141.685788
20 64 67.113799
20 65 118.068857
21 22 38.323428
21 23 76.583985
21 24 79.431828
21 25 48.716109
21 26 20.472477
21 27 28.415689
21 28 8.059226
21 29 8.693312
21 30 61.535581
21 31 21.682520
21 32 12.880022
21 33 9.924874
21 34 44.453614
21 35 38.224542
21 36 36.239996
21 37 14.529282
21 38 14.986076
21 39 65.264118
21 40 11.490670
21 41 21.258716
21 42 8.660905
21 43 36.578718
21 44 68.962465
21 45 87.912650
21 46 146.446789
21 47 2.775660
21 48 22.575354
21 49 11.536939
21 50 184.881604
21 51 4.725481
21 52 88.029604
21 53 19.621687
21 54 36.853599
21 55 130.534966
21 56 17.660891
21 57 27.676753
21 58 25.456207
21 59 71.916356
21 60 59.419733
21 61 30.393178
21 62 15.239721
21 63 19.117349
21 64 9.052035
21 65 15.930944
22 23 463.965939
22 24 481.219859
22 25 295.125368
22 26 123.986875
22 27 172.143137
22 28 48.808549
22 29 52.650058
22 30 372.777541
22 31 131.352477
22 32 78.006999
22 33 60.082835
22 34 269.307644
22 35 231.555702
22 36 219.532080
22 37 87.996625
22 38 90.768787
22 39 395.376955
22 40 69.580379
22 41 128.765160
22 42 52.463228
22 43 221.584179
22 44 417.780361
22 45 532.586038
22 46 887.214732
22 47 16.817779
22 48 136.730024
22 49 69.874582
22 50 1120.032127
22 51 28.621406
22 52 533.314584
22 53 118.864615
22 54 223.240899
22 55 790.800806
22 56 106.971849
22 57 167.652780
22 58 154.208835
22 59 435.678045
22 60 359.966003
22 61 184.114212
22 62 92.296870
22 63 115.786601
22 64 54.844939
22 65 96.489967
23 24 961.764086
23 25 589.830616
23 26 247.789138
23 27 344.041919
23 28 97.541849
23 29 105.202411
23 30 745.031604
23 31 262.530307
23 32 155.893250
23 33 120.063583
23 34 538.234857
23 35 462.777863
23 36 438.748614
23 37 175.863377
23 38 181.408691
23 39 790.196177
23 40 139.050646
23 41 257.343521
23 42 104.848793
23 43 442.856502
23 44 834.964198
23 45 1064.420488
23 46 1773.186049
23 47 33.612003
23 48 273.264625
23 49 139.639922
23 50 2238.456110
23 51 57.200585
23 52 1065.881543
23 53 237.561073
23 54 446.162486
23 55 1580.484310
23 56 213.787037
23 57 335.063084
23 58 308.200605
23 59 870.735640
23 60 719.420272
23 61 367.966617
23 62 184.457042
23 63 231.396436
23 64 109.612887
23 65 192.831439
24 25 611.762297
24 26 257.002411
24 27 356.834935
24 28 101.168727
24 29 109.113691
24 30 772.733484
24 31 272.292177
24 32 161.690084
24 33 124.526852
24 34 558.248628
24 35 479.984995
24 36 455.062652
24 37 182.401993
24 38 188.153581
24 39 819.577914
24 40 144.220398
24 41 266.911489
24 42 108.746531
24 43 459.323327
24 44 866.010572
24 45 1103.998874
24 46 1839.118177
24 47 34.862025
24 48 283.424502
24 49 144.831296
24 50 2321.687902
24 51 59.327408
24 52 1105.514063
24 53 246.394805
24 54 462.751908
24 55 1639.248925
24 56 221.735861
24 57 347.520356
24 58 319.660778
24 59 903.112506
24 60 746.170875
24 61 381.649146
24 62 191.314581
24 63 240.000575
24 64 113.688152
24 65 199.999395
25 26 157.617326
25 27 218.840132
25 28 62.046209
25 29 66.921596
25 30 473.902534
25 31 166.992025
25 32 99.163508
25 33 76.374292
25 34 342.363200
25 35 294.366714
25 36 279.082345
25 37 111.865764
25 38 115.391698
25 39 502.631274
25 40 88.450014
25 41 163.692841
25 42 66.692927
25 43 281.694426
25 44 531.108476
25 45 677.061106
25 46 1127.892981
25 47 21.380157
25 48 173.820741
25 49 88.825485
25 50 1423.847749
25 51 36.385173
25 52 677.989157
25 53 151.109944
25 54 283.798325
25 55 1005.320184
25 56 135.987947
25 57 213.129580
25 58 196.041523
25 59 553.861350
25 60 457.612678
25 61 234.058788
25 62 117.329509
25 63 147.191103
25 64 69.723084
25 65 122.659766
26 27 91.936129
26 28 26.068340
26 29 28.123616
26 30 199.089727
26 31 70.155869
26 32 41.663115
26 33 32.092559
26 34 143.827944
26 35 123.668143
26 36 117.245675
26 37 47.000329
26 38 48.478993
26 39 211.157548
26 40 37.164542
26 41 68.771974
26 42 28.020896
26 43 118.342908
26 44 223.123234
26 45 284.436282
26 46 473.828299
26 47 8.982003
26 48 73.026711
26 49 37.321864
26 50 598.174587
26 51 15.286592
26 52 284.824326
26 53 63.482641
26 54 119.229382
26 55 422.341679
26 56 57.134292
26 57 89.539855
26 58 82.359247
26 59 232.678516
26 60 192.247371
26 61 98.331309
26 62 49.293872
26 63 61.843487
26 64 29.292553
26 65 51.536027
27 28 36.190474
27 29 39.032933
27 30 276.422449
27 31 97.405243
27 32 57.840180
27 33 44.546950
27 34 199.700011
27 35 171.700702
27 36 162.785339
27 37 65.249850
27 38 67.306468
27 39 293.179565
27 40 51.591378
27 41 95.480621
27 42 38.901253
27 43 164.309682
27 44 309.789840
27 45 394.922626
27 46 657.888533
27 47 12.470668
27 48 101.388089
27 49 51.810408
27 50 830.511652
27 51 21.223140
27 52 395.464461
27 53 88.142564
27 54 165.536302
27 55 586.392189
27 56 79.320273
27 57 124.315925
27 58 114.350797
27 59 323.061073
27 60 266.920691
27 61 136.524112
27 62 68.436598
27 63 85.854055
27 64 40.668498
27 65 71.543881
28 29 11.073343
28 30 78.371420
28 31 27.616406
28 32 16.401251
28 33 12.634171
28 34 56.617663
28 35 48.682054
28 36 46.154764
28 37 18.501194
28 38 19.083636
28 39 83.122119
28 40 14.630367
28 41 27.071296
28 42 11.030413
28 43 46.585249
28 44 87.832705
28 45 111.968370
28 46 186.522776
28 47 3.535833
28 48 28.747717
28 49 14.692630
28 50 235.471890
28 51 6.017464
28 52 112.120865
28 53 24.989842
28 54 46.934212
28 55 166.255859
28 56 22.490375
28 57 35.248812
28 58 32.420120
28 59 91.595382
28 60 75.678078
28 61 38.708344
28 62 19.404487
28 63 24.347098
28 64 11.533295
28 65 20.291154
29 30 84.526012
29 31 29.785632
29 32 17.693682
29 33 13.635459
29 34 61.064073
29 35 52.507096
29 36 49.782317
29 37 19.957768
29 38 20.583327
29 39 89.651541
29 40 15.782861
29 41 29.201291
29 42 11.898684
29 43 50.244137
29 44 94.735821
29 45 120.763995
29 46 201.171191
29 47 3.813227
29 48 31.005843
29 49 15.854171
29 50 253.989617
29 51 6.490430
29 52 120.926247
29 53 26.952207
29 54 50.624021
29 55 179.317090
29 56 24.260453
29 57 38.020410
29 58 34.966518
29 59 98.789243
29 60 81.623788
29 61 41.749502
29 62 20.929907
29 63 26.265882
29 64 12.449650
29 65 21.892160
30 31 210.932282
30 32 125.254018
30 33 96.466704
30 34 432.447619
30 35 371.821873
30 36 352.514946
30 37 141.299617
30 38 145.754931
30 39 634.887044
30 40 111.722360
30 41 206.764876
30 42 84.242024
30 43 355.816385
30 44 670.855847
30 45 855.213743
30 46 1424.674177
30 47 27.005484
30 48 219.558198
30 49 112.196817
30 50 1798.495315
30 51 45.958748
30 52 856.386793
30 53 190.870593
30 54 358.472800
30 55 1269.846128
30 56 171.768565
30 57 269.208515
30 58 247.625578
30 59 699.597699
30 60 578.023300
30 61 295.645999
30 62 148.202157
30 63 185.919162
30 64 88.066824
30 65 154.930750
31 32 44.137417
31 33 33.993072
31 34 152.384416
31 35 131.020874
31 36 124.217959
31 37 49.791222
31 38 51.360747
31 39 223.718908
31 40 39.367843
31 41 72.858943
31 42 29.684769
31 43 125.381676
31 44 236.392803
31 45 301.356564
31 46 502.019244
31 47 9.516249
31 48 77.368421
31 49 39.535596
31 50 633.742745
31 51 16.195184
31 52 301.769354
31 53 67.259116
31 54 126.316580
31 55 447.461385
31 56 60.527855
31 57 94.863279
31 58 87.258412
31 59 246.520608
31 60 203.681900
31 61 104.179406
31 62 52.223819
31 63 65.514498
31 64 31.035871
31 65 54.594331
32 33 20.190852
32 34 90.487354
32 35 77.803888
32 36 73.764844
32 37 29.568781
32 38 30.499501
32 39 132.847294
32 40 23.380843
32 41 43.266717
32 42 17.629255
32 43 74.453388
32 44 140.374993
32 45 178.950521
32 46 298.104885
32 47 5.651067
32 48 45.943854
32 49 23.481093
32 50 376.331626
32 51 9.618301
32 52 179.193718
32 53 39.938331
32 54 75.010380
32 55 265.710685
32 56 35.944087
32 57 56.333569
32 58 51.814335
32 59 146.388757
32 60 120.950606
32 61 61.864209
32 62 31.012760
32 63 38.908024
32 64 18.428657
32 65 32.424063
33 34 69.690106
33 35 59.924906
33 36 56.813551
33 37 22.775871
33 38 23.492460
33 39 102.315222
33 40 18.013537
33 41 33.325109
33 42 13.579207
33 43 57.342855
33 44 108.115735
33 45 137.822329
33 46 229.588370
33 47 4.351620
33 48 35.389110
33 49 18.088871
33 50 289.843952
33 51 7.409266
33 52 138.008028
33 53 30.760450
33 54 57.775573
33 55 204.642763
33 56 27.686829
33 57 43.389540
33 58 39.906098
33 59 112.746023
33 60 93.153353
33 61 47.648019
33 62 23.888182
33 63 29.973559
33 64 14.196621
33 65 24.984516
34 35 268.616037
34 36 254.668368
34 37 102.079154
34 38 105.297133
34 39 458.663276
34 40 80.710795
34 41 149.373130
34 42 60.858539
34 43 257.053247
34 44 484.648739
34 45 617.834679
34 46 1029.231249
34 47 19.509925
34 48 158.616340
34 49 81.053526
34 50 1299.291477
34 51 33.201789
34 52 618.682466
34 53 137.892697
34 54 258.971618
34 55 917.378950
34 56 124.091307
34 57 194.485152
34 58 178.894275
34 59 505.411450
34 60 417.582582
34 61 213.584364
34 62 107.065410
34 63 134.313743
34 64 63.623458
34 65 111.926734
35 36 218.966530
35 37 87.769983
35 38 90.537086
35 39 394.361501
35 40 69.400520
35 41 128.434141
35 42 52.327968
35 43 221.016631
35 44 416.705287
35 45 531.218809
35 46 884.938652
35 47 16.774719
35 48 136.379081
35 49 69.692775
35 50 1117.145692
35 51 28.547740
35 52 531.946556
35 53 118.559878
35 54 222.668363
35 55 788.769572
35 56 106.696720
35 57 167.221147
35 58 153.813290
35 59 434.556758
35 60 359.041962
35 61 183.641781
35 62 92.056923
35 63 115.487763
35 64 54.703870
35 65 96.243388
36 37 83.212253
36 38 85.834926
36 39 373.885452
36 40 65.795181
36 41 121.764476
36 42 49.609862
36 43 209.540017
36 44 395.068458
36 45 503.635829
36 46 838.989405
36 47 15.903857
36 48 129.300709
36 49 66.074191
36 50 1059.138755
36 51 27.065307
36 52 504.325555
36 53 112.402702
36 54 211.106055
36 55 747.814656
36 56 101.155446
36 57 158.538712
36 58 145.826557
36 59 411.995158
36 60 340.398460
36 61 174.106529
36 62 87.276732
36 63 109.491012
36 64 51.865062
36 65 91.243050
37 38 34.406833
37 39 149.864949
37 40 26.375174
37 41 48.808868
37 42 19.887216
37 43 83.991084
37 44 158.356171
37 45 201.872456
37 46 336.290424
37 47 6.374370
37 48 51.829748
37 49 26.486828
37 50 424.537354
37 51 10.849330
37 52 202.148053
37 53 45.055954
37 54 84.620133
37 55 299.744513
37 56 40.548800
37 57 63.549029
37 58 58.452424
37 59 165.140382
37 60 136.443370
37 61 69.788264
37 62 34.985350
37 63 43.891574
37 64 20.790339
37 65 36.576119
38 39 154.589856
38 40 27.206094
38 41 50.347959
38 42 20.513800
38 43 86.639027
38 44 163.348677
38 45 208.237058
38 46 346.894724
38 47 6.575362
38 48 53.461889
38 49 27.321084
38 50 437.919862
38 51 11.191978
38 52 208.522408
38 53 46.475629
38 54 87.287562
38 55 309.196343
38 56 41.825968
38 57 65.550902
38 58 60.295213
38 59 170.346178
38 60 140.744368
38 61 71.987556
38 62 36.087835
38 63 45.271492
38 64 21.444292
38 65 37.726544
39 40 118.494692
39 41 219.298095
39 42 89.347992
39 43 377.385645
39 44 711.524862
39 45 907.058376
39 46 1511.039234
39 47 28.642697
39 48 232.865985
39 49 118.996919
39 50 1907.525737
39 51 48.744601
39 52 908.302320
39 53 202.440865
39 54 380.202871
39 55 1346.825884
39 56 182.181375
39 57 285.528388
39 58 262.636711
39 59 742.007308
39 60 613.062882
39 61 313.567981
39 62 157.186443
39 63 197.189186
39 64 93.408064
39 65 164.323697
40 41 38.593732
40 42 15.727110
40 43 66.410488
40 44 125.210445
40 45 159.615760
40 46 265.896673
40 47 5.040005
40 48 40.981577
40 49 20.946274
40 50 335.676890
40 51 8.578339
40 52 159.833307
40 53 35.624318
40 54 66.909852
40 55 237.005035
40 56 32.062975
40 57 50.248451
40 58 46.217303
40 59 130.572700
40 60 107.883483
40 61 55.180846
40 62 27.661906
40 63 34.709090
40 64 16.438121
40 65 28.924584
41 42 29.100435
41 43 122.903934
41 44 231.723457
41 45 295.402362
41 46 492.099314
41 47 9.328244
41 48 75.839973
41 49 38.756666
41 50 621.228078
41 51 15.875916
41 52 295.806353
41 53 65.930180
41 54 123.824222
41 55 438.621391
41 56 59.333759
41 57 92.989753
41 58 85.534145
41 59 241.650242
41 60 199.657750
41 61 102.120421
41 62 51.191761
41 63 64.221887
41 64 30.421578
41 65 53.518411
42 43 50.074867
42 44 94.410163
42 45 120.354782
42 46 200.493111
42 47 3.800250
42 48 30.901078
42 49 15.792120
42 50 253.103044
42 51 6.468956
42 52 120.518570
42 53 26.861385
42 54 50.450439
42 55 178.706734
42 56 24.175047
42 57 37.887647
42 58 34.849143
42 59 98.456067
42 60 81.346524
42 61 41.607292
42 62 20.857419
42 63 26.167953
42 64 12.395570
42 65 21.807672
43 44 398.766035
43 45 508.350981
43 46 846.846455
43 47 16.053085
43 48 130.510234
43 49 66.689557
43 50 1069.050001
43 51 27.318787
43 52 509.047741
43 53 113.456335
43 54 213.081793
43 55 754.814245
43 56 102.102112
43 57 160.021560
43 58 147.191916
43 59 415.851433
43 60 343.585673
43 61 175.736568
43 62 88.092876
43 63 110.513035
43 64 52.349494
43 65 92.094434
44 45 958.447843
44 46 1596.646022
44 47 30.265841
44 48 246.058737
44 49 125.741602
44 50 2015.603871
44 51 51.506439
44 52 959.761525
44 53 213.910026
44 54 401.745108
44 55 1423.131985
44 56 192.504396
44 57 301.706162
44 58 277.516216
44 59 784.045583
44 60 647.796648
44 61 331.332949
44 62 166.092339
44 63 208.363505
44 64 98.701369
44 65 173.637761
45 46 2035.420961
45 47 38.583104
45 48 313.677417
45 49 160.292920
45 50 2569.505183
45 51 65.660307
45 52 1223.513685
45 53 272.694416
45 54 512.146199
45 55 1814.220193
45 56 245.404249
45 57 384.616514
45 58 353.780449
45 59 999.508899
45 60 825.816402
45 61 422.386185
45 62 211.734242
45 63 265.621048
45 64 125.824163
45 65 221.350038
46 47 64.274529
46 48 522.544537
46 49 267.023848
46 50 4280.454236
46 51 109.380271
46 52 2038.214727
46 53 454.273087
46 54 853.166456
46 55 3022.255358
46 56 408.808483
46 57 640.718018
46 58 589.350311
46 59 1665.052303
46 60 1375.700747
46 61 703.638282
46 62 352.722312
46 63 442.484045
46 64 209.602762
46 65 368.734521
47 48 9.904417
47 49 5.061287
47 50 81.139167
47 51 2.073414
47 52 38.636132
47 53 8.611165
47 54 16.172087
47 55 57.289600
47 56 7.748998
47 57 12.145353
47 58 11.171414
47 59 31.562590
47 60 26.077425
47 61 13.338119
47 62 6.686119
47 63 8.388732
47 64 3.973310
47 65 6.989388
48 49 41.155093
48 50 659.655363
48 51 16.858266
48 52 314.105892
48 53 70.008183
48 54 131.485851
48 55 465.760173
48 56 63.003760
48 57 98.743151
48 58 90.825308
48 59 256.605349
48 60 212.012156
48 61 108.440777
48 62 54.359095
48 63 68.199305
48 64 32.305634
48 65 56.832968
49 50 337.101566
49 51 8.616464
49 52 160.511060
49 53 35.774229
49 54 67.192292
49 55 238.009985
49 56 32.198151
49 57 50.461647
49 58 46.413148
49 59 131.126431
49 60 108.340394
49 61 55.413900
49 62 27.778343
49 63 34.852779
49 64 16.509712
49 65 29.046840
50 51 138.083129
50 52 2573.025754
50 53 573.466469
50 54 1077.036417
50 55 3815.285260
50 56 516.085780
50 57 808.840468
50 58 743.991170
50 59 2101.946870
50 60 1736.677592
50 61 888.268814
50 62 445.272816
50 63 558.603292
50 64 264.616266
50 65 465.520384
51 52 65.749333
51 53 14.654691
51 54 27.523518
51 55 97.494236
51 56 13.188819
51 57 20.669432
51 58 19.011752
51 59 53.712590
51 60 44.378790
51 61 22.699326
51 62 11.379601
51 63 14.276338
51 64 6.763009
51 65 11.897240
52 53 273.068617
52 54 512.847212
52 55 1816.708567
52 56 245.739565
52 57 385.141852
52 58 354.265915
52 59 1000.878814
52 60 826.948352
52 61 422.964498
52 62 212.024739
52 63 265.980612
52 64 125.995292
52 65 221.650780
53 54 114.303857
53 55 404.904454
53 56 54.771215
53 57 85.840836
53 58 78.959325
53 59 223.073981
53 60 184.308983
53 61 94.270252
53 62 47.256487
53 63 59.282779
53 64 28.084250
53 65 49.402132
54 55 760.450536
54 56 102.867106
54 57 161.217681
54 58 148.291677
54 59 418.956571
54 60 346.151754
54 61 177.048583
54 62 88.752646
54 63 111.342510
54 64 52.741391
54 65 92.785440
55 56 364.384465
55 57 571.091405
55 58 525.302858
55 59 1484.100876
55 60 1226.197608
55 61 627.170503
55 62 314.387256
55 63 394.404958
55 64 186.824021
55 65 328.669603
56 57 77.251416
56 58 71.057215
56 59 200.750289
56 60 165.865064
56 61 84.836815
56 62 42.527897
56 63 53.354851
56 64 25.272430
56 65 44.462566
57 58 111.364839
57 59 314.631868
57 60 259.955492
57 61 132.962648
57 62 66.652827
57 63 83.617268
57 64 39.608978
57 65 69.683964
58 59 289.405197
58 60 239.113323
58 61 122.301178
58 62 61.307613
58 63 76.909381
58 64 36.432092
58 65 64.090828
59 60 675.548790
59 61 345.529634
59 62 173.209441
59 63 217.289256
59 64 102.925776
59 65 181.072760
60 61 285.482686
60 62 143.108317
60 63 179.530840
60 64 85.043600
60 65 149.608893
61 62 73.196710
61 63 91.828645
61 64 43.497879
61 65 76.524876
62 63 46.036362
62 64 21.807270
62 65 38.355452
63 64 27.357788
63 65 48.132160
64 65 22.798650
