3.000000
0.100000
-0.900000
0.070000
10
328.959650
508.011628
2358.055122
576.012384
1033.972781
1944.166514
2445.278651
902.247662
1526.511882
789.208962
1 2 26.632640
1 3 123.601751
1 4 30.194714
1 5 54.198759
1 6 101.912731
1 7 128.172400
1 8 47.292702
1 9 80.018072
1 10 41.369645
2 3 190.840665
2 4 46.616711
2 5 83.677666
2 6 157.347733
2 7 197.892869
2 8 73.014591
2 9 123.545923
2 10 63.876665
3 4 216.430928
3 5 388.493582
3 6 730.513684
3 7 918.775935
3 8 338.981961
3 9 573.575234
3 10 296.534725
4 5 94.902024
4 6 178.448694
4 7 224.437993
4 8 82.805886
4 9 140.110581
4 10 72.435861
5 6 320.313679
5 7 402.863380
5 8 148.635990
5 9 251.497613
5 10 130.021410
6 7 757.531008
6 8 279.491709
6 9 472.910708
6 10 244.489906
7 8 351.519128
7 9 594.784067
7 10 307.495888
8 9 219.446697
8 10 113.450321
9 10 191.969494
