3.000000
0.100000
-0.900000
0.070000
80
13890.488916
20201.183113
450.829449
13861.637197
30932.402748
14252.961135
10176.216674
10068.863569
4198.494322
10917.469476
4510.924553
15093.896968
67228.663363
11546.456981
4904.985493
1027.324296
37813.827083
35667.582039
123514.226082
261918.067072
39710.768406
3412.292083
11612.885316
36346.805395
13696.643217
12135.077943
12566.217076
165034.712274
16564.161185
7278.486993
40378.431581
10314.716374
4526.732125
2354.668903
10306.020789
707.067679
22230.729537
9035.184111
45922.905576
15620.028329
9697.884705
15529.445883
20626.747360
6394.199922
123130.991550
12859.607256
18922.630744
2335.534796
4361.900083
18786.838089
40515.188354
12001.793984
27912.604796
34968.367476
28906.817788
831.126775
24689.655965
29057.599982
9603.759275
18377.793225
72778.170779
9670.633863
1753.602256
7994.513020
10158.977005
22786.944602
14915.134167
32146.914119
12407.850286
7045.038587
3019.368320
2130.477121
6170.373932
36589.303814
40194.753038
5919.243698
19895.017938
4260.620031
45389.955955
25573.247124
1 2 147.274181
1 3 3.286155
1 4 101.056504
1 5 225.507781
1 6 103.911091
1 7 74.190473
1 8 73.405800
1 9 30.609110
1 10 79.593300
1 11 32.890794
1 12 110.042325
1 13 490.117594
1 14 84.180138
1 15 35.768408
1 16 7.493583
1 17 275.676413
1 18 260.029269
1 19 900.455032
1 20 1909.459180
1 21 289.505715
1 22 24.879659
1 23 84.663600
1 24 264.981041
1 25 99.855462
1 26 88.472739
1 27 91.616921
1 28 1203.149668
1 29 120.758305
1 30 53.065380
1 31 294.370837
1 32 75.200541
1 33 33.002518
1 34 17.168140
1 35 75.134769
1 36 5.156859
1 37 162.072396
1 38 65.870528
1 39 334.791590
1 40 113.874884
1 41 70.702633
1 42 113.215726
1 43 150.378203
1 44 46.617712
1 45 897.660203
1 46 93.754914
1 47 137.955218
1 48 17.030943
1 49 31.800755
1 50 136.964368
1 51 295.369329
1 52 87.498593
1 53 203.494412
1 54 254.930691
1 55 210.742249
1 56 6.059997
1 57 179.996625
1 58 211.841304
1 59 70.015440
1 60 133.979440
1 61 530.572899
1 62 70.504871
1 63 12.789799
1 64 58.284607
1 65 74.065928
1 66 166.126704
1 67 108.737520
1 68 234.363659
1 69 90.459641
1 70 51.361793
1 71 22.017397
1 72 15.536981
1 73 44.983887
1 74 266.746109
1 75 293.034519
1 76 43.156887
1 77 145.041616
1 78 31.060502
1 79 330.907504
1 80 186.439293
2 3 4.778669
2 4 146.968107
2 5 327.963346
2 6 151.114926
2 7 107.891062
2 8 106.756225
2 9 44.513657
2 10 115.752977
2 11 47.825252
2 12 160.033397
2 13 712.798144
2 14 122.419462
2 15 52.003732
2 16 10.888949
2 17 400.922145
2 18 378.164567
2 19 1309.567840
2 20 2776.995649
2 21 421.035625
2 22 36.173755
2 23 123.125135
2 24 385.369570
2 25 145.219565
2 26 128.661487
2 27 133.231866
2 28 1749.793352
2 29 175.624538
2 30 77.169437
2 31 428.118130
2 32 109.361896
2 33 47.997400
2 34 24.963607
2 35 109.269683
2 36 7.493893
2 37 235.702361
2 38 95.792691
2 39 486.900514
2 40 165.616003
2 41 102.821586
2 42 164.651445
2 43 218.696487
2 44 67.793278
2 45 1305.504712
2 46 136.339992
2 47 200.627973
2 48 24.761304
2 49 46.245725
2 50 199.186572
2 51 429.562468
2 52 127.251361
2 53 295.944425
2 54 370.754293
2 55 306.485768
2 56 8.809606
2 57 261.773248
2 58 308.081831
2 59 101.826757
2 60 194.851635
2 61 771.635454
2 62 102.532771
2 63 18.590324
2 64 84.757487
2 65 107.710944
2 66 241.598766
2 67 158.136551
2 68 340.839554
2 69 131.553830
2 70 74.693599
2 71 32.005165
2 72 22.584626
2 73 65.422657
2 74 387.933229
2 75 426.165957
2 76 62.756862
2 77 210.940547
2 78 45.171503
2 79 481.249855
2 80 271.139612
3 4 3.280193
3 5 7.316667
3 6 3.372923
3 7 2.408013
3 8 2.381931
3 9 0.992743
3 10 2.583304
3 11 1.067773
3 12 3.571022
3 13 15.902223
3 14 2.731590
3 15 1.161598
3 16 0.247527
3 17 8.945458
3 18 8.438232
3 19 29.216384
3 20 61.959625
3 21 9.394310
3 22 0.808049
3 23 2.746408
3 24 8.597834
3 25 3.238208
3 26 2.872100
3 27 2.972905
3 28 39.037942
3 29 3.918049
3 30 1.720456
3 31 9.551037
3 32 2.439416
3 33 1.070978
3 34 0.561545
3 35 2.437971
3 36 0.169416
3 37 5.258076
3 38 2.137817
3 39 10.863603
3 40 3.695026
3 41 2.293509
3 42 3.673268
3 43 4.879924
3 44 1.512640
3 45 29.126124
3 46 3.043969
3 47 4.476464
3 48 0.552389
3 49 1.029123
3 50 4.446863
3 51 9.586401
3 52 2.840163
3 53 6.609222
3 54 8.272350
3 55 6.838397
3 56 0.199372
3 57 5.840924
3 58 6.874779
3 59 2.271844
3 60 4.347300
3 61 17.215048
3 62 2.284421
3 63 0.412022
3 64 1.893602
3 65 2.402828
3 66 5.390411
3 67 3.529883
3 68 7.603913
3 69 2.934099
3 70 1.667532
3 71 0.721461
3 72 0.507052
3 73 1.460502
3 74 8.656783
3 75 9.508428
3 76 1.402403
3 77 4.705692
3 78 1.009541
3 79 10.736180
3 80 6.049345
4 5 225.041163
4 6 103.694637
4 7 74.033271
4 8 73.253742
4 9 30.545092
4 10 79.428786
4 11 32.819544
4 12 109.812364
4 13 489.101612
4 14 84.004765
4 15 35.687096
4 16 7.475399
4 17 275.104267
4 18 259.490428
4 19 898.589711
4 20 1905.497326
4 21 288.904897
4 22 24.819720
4 23 84.486872
4 24 264.430454
4 25 99.645950
4 26 88.285781
4 27 91.422129
4 28 1200.658311
4 29 120.507992
4 30 52.952116
4 31 293.761241
4 32 75.043106
4 33 32.933641
4 34 17.129140
4 35 74.978461
4 36 5.141655
4 37 161.733197
4 38 65.733228
4 39 334.097691
4 40 113.638578
4 41 70.554788
4 42 112.980808
4 43 150.064004
4 44 46.520851
4 45 895.800532
4 46 93.555484
4 47 137.666733
4 48 16.992128
4 49 31.733850
4 50 136.679081
4 51 294.757092
4 52 87.316427
4 53 203.069825
4 54 254.402723
4 55 210.303611
4 56 6.045439
4 57 179.622685
4 58 211.402148
4 59 69.869877
4 60 133.702012
4 61 529.474541
4 62 70.356601
4 63 12.761015
4 64 58.162344
4 65 73.909073
4 66 165.780301
4 67 108.511968
4 68 233.876277
4 69 90.271757
4 70 51.255801
4 71 21.966576
4 72 15.499865
4 73 44.889058
4 74 266.189428
4 75 292.425995
4 76 43.064749
4 77 144.740012
4 78 30.998051
4 79 330.221017
4 80 186.052371
5 6 231.390833
5 7 165.202460
5 8 163.465361
5 9 68.160163
5 10 177.242948
5 11 73.230337
5 12 245.047253
5 13 1091.447573
5 14 187.453266
5 15 79.625986
5 16 16.670389
5 17 613.900104
5 18 579.055574
5 19 2005.238109
5 20 4252.193119
5 21 644.697849
5 22 55.385772
5 23 188.530609
5 24 590.085001
5 25 222.362294
5 26 197.009445
5 27 204.006554
5 28 2679.317018
5 29 268.916066
5 30 118.161269
5 31 655.538318
5 32 167.457772
5 33 73.489511
5 34 38.224661
5 35 167.316293
5 36 11.473402
5 37 360.911732
5 38 146.679795
5 39 745.552101
5 40 253.588818
5 41 157.443193
5 42 252.116841
5 43 334.872207
5 44 103.807470
5 45 1999.015160
5 46 208.767210
5 47 307.205444
5 48 37.915497
5 49 70.813932
5 50 304.997209
5 51 657.755562
5 52 194.846850
5 53 453.155693
5 54 567.706577
5 55 469.296465
5 56 13.490860
5 57 400.831773
5 58 471.743576
5 59 155.914760
5 60 298.361003
5 61 1181.544520
5 62 156.999547
5 63 28.462817
5 64 129.784391
5 65 164.927076
5 66 369.941155
5 67 242.142210
5 68 521.900120
5 69 201.439134
5 70 114.370210
5 71 49.009054
5 72 34.581187
5 73 100.170833
5 74 594.006007
5 75 652.554571
5 76 96.095326
5 77 322.992628
5 78 69.166718
5 79 736.898910
5 80 415.176278
6 7 76.128927
6 8 75.321371
6 9 31.408597
6 10 81.670977
6 11 33.748847
6 12 112.912012
6 13 502.902999
6 14 86.378152
6 15 36.698968
6 16 7.691198
6 17 282.869416
6 18 266.815789
6 19 923.945276
6 20 1959.279798
6 21 297.059944
6 22 25.527885
6 23 86.873255
6 24 271.892926
6 25 102.460268
6 26 90.779555
6 27 94.003997
6 28 1234.536309
6 29 123.908195
6 30 54.448665
6 31 302.049028
6 32 77.161856
6 33 33.864078
6 34 17.618302
6 35 77.094861
6 36 5.291423
6 37 166.298557
6 38 67.590915
6 39 343.525224
6 40 116.844991
6 41 72.546839
6 42 116.170386
6 43 154.300333
6 44 47.835023
6 45 921.077350
6 46 96.201115
6 47 141.552254
6 48 17.474692
6 49 32.631085
6 50 140.540302
6 51 303.077469
6 52 89.781554
6 53 208.800422
6 54 261.581665
6 55 216.239223
6 56 6.216969
6 57 184.692182
6 58 217.371088
6 59 71.841573
6 60 137.474616
6 61 544.414051
6 62 72.343937
6 63 13.122258
6 64 59.811791
6 65 75.997411
6 66 170.460125
6 67 111.576448
6 68 240.476374
6 69 92.821668
6 70 52.706566
6 71 22.592417
6 72 15.944241
6 73 46.158713
6 74 273.709550
6 75 300.679970
6 76 44.283749
6 77 148.823626
6 78 31.874549
6 79 339.539061
6 80 191.305310
7 8 53.778294
7 9 22.426324
7 10 58.311139
7 11 24.096141
7 12 80.616254
7 13 359.051681
7 14 61.671766
7 15 26.209954
7 16 5.495690
7 17 201.958778
7 18 190.498098
7 19 659.654904
7 20 1398.848398
7 21 212.090977
7 22 18.229252
7 23 62.027220
7 24 194.119318
7 25 73.155911
7 26 64.813638
7 27 67.115622
7 28 881.401993
7 29 88.468953
7 30 38.877859
7 31 215.647990
7 32 55.094029
7 33 24.178931
7 34 12.585288
7 35 55.042286
7 36 3.785260
7 37 118.731928
7 38 48.260467
7 39 245.261616
7 40 83.423112
7 41 51.796185
7 42 82.942693
7 43 110.167769
7 44 34.153385
7 45 657.607696
7 46 68.683849
7 47 101.062626
7 48 12.479114
7 49 23.297071
7 50 100.345132
7 51 216.387361
7 52 64.103491
7 53 149.074135
7 54 186.758428
7 55 154.386441
7 56 4.445075
7 57 131.863740
7 58 155.195977
7 59 51.293308
7 60 98.150553
7 61 388.686541
7 62 51.651137
7 63 9.372010
7 64 42.711758
7 65 54.261954
7 66 121.705347
7 67 79.670125
7 68 171.693508
7 69 66.271485
7 70 37.635496
7 71 16.134303
7 72 11.386985
7 73 32.962713
7 74 195.427247
7 75 214.672694
7 76 31.624271
7 77 106.254260
7 78 22.757643
7 79 242.415773
7 80 136.585022
8 9 22.188360
8 10 57.694941
8 11 23.838558
8 12 79.766250
8 13 355.276330
8 14 61.018615
8 15 25.924233
8 16 5.428380
8 17 199.831039
8 18 188.489743
8 19 652.720443
8 20 1384.125079
8 21 209.854900
8 22 18.036770
8 23 61.369798
8 24 192.077746
8 25 72.382739
8 26 64.129405
8 27 66.408743
8 28 872.139351
8 29 87.536565
8 30 38.464420
8 31 213.384289
8 32 54.509008
8 33 23.923139
8 34 12.443662
8 35 54.463300
8 36 3.735625
8 37 117.481004
8 38 47.747589
8 39 242.683196
8 40 82.547068
8 41 51.249518
8 42 82.067148
8 43 109.004890
8 44 33.790870
8 45 650.694873
8 46 67.955179
8 47 99.998419
8 48 12.343110
8 49 23.050441
8 50 99.281895
8 51 214.105932
8 52 63.426334
8 53 147.506779
8 54 184.793662
8 55 152.761153
8 56 4.391164
8 57 130.474979
8 58 153.558725
8 59 50.753796
8 60 97.118961
8 61 384.601379
8 62 51.105380
8 63 9.269852
8 64 42.248534
8 65 53.688140
8 66 120.419619
8 67 78.821328
8 68 169.884151
8 69 65.571409
8 70 37.232708
8 71 15.956054
8 72 11.257573
8 73 32.613332
8 74 193.358530
8 75 212.412314
8 76 31.281606
8 77 105.138398
8 78 22.514585
8 79 239.866516
8 80 135.144360
9 10 24.057001
9 11 9.942599
9 12 33.260054
9 13 148.138793
9 14 25.443922
9 15 10.813969
9 16 2.264457
9 17 83.323470
9 18 78.594291
9 19 272.162808
9 20 577.137949
9 21 87.503348
9 22 7.522547
9 23 25.590106
9 24 80.090707
9 25 30.182497
9 26 26.740768
9 27 27.691709
9 28 363.652674
9 29 36.498801
9 30 16.039707
9 31 88.973226
9 32 22.729905
9 33 9.975107
9 34 5.189423
9 35 22.710052
9 36 1.561158
9 37 48.985873
9 38 19.912011
9 39 101.190676
9 40 34.418447
9 41 21.370247
9 42 34.220328
9 43 45.451214
9 44 14.090586
9 45 271.317880
9 46 28.338630
9 47 41.696319
9 48 5.148113
9 49 9.611907
9 50 41.398143
9 51 89.276563
9 52 26.446581
9 53 61.503685
9 54 77.052709
9 55 63.697072
9 56 1.833416
9 57 54.404165
9 58 64.029723
9 59 21.162388
9 60 40.495288
9 61 160.365881
9 62 21.311224
9 63 3.865405
9 64 17.617915
9 65 22.387439
9 66 50.211754
9 67 32.867370
9 68 70.837199
9 69 27.342334
9 70 15.525872
9 71 6.655314
9 72 4.696570
9 73 13.597203
9 74 80.626669
9 75 88.570007
9 76 13.045207
9 77 43.838521
9 78 9.388567
9 79 100.016602
9 80 56.351906
10 11 25.847368
10 12 86.489668
10 13 385.218452
10 14 66.161955
10 15 28.108116
10 16 5.885545
10 17 216.673516
10 18 204.375936
10 19 707.734175
10 20 1500.778793
10 21 227.543401
10 22 19.550697
10 23 66.541846
10 24 208.266376
10 25 78.483364
10 26 69.534618
10 27 72.007835
10 28 945.645533
10 29 94.912963
10 30 41.705570
10 31 231.367966
10 32 59.102865
10 33 25.938317
10 34 13.493938
10 35 59.054077
10 36 4.046027
10 37 127.381951
10 38 51.771290
10 39 263.136816
10 40 89.503540
10 41 55.569348
10 42 88.984135
10 43 118.192102
10 44 36.640177
10 45 705.537461
10 46 73.686184
10 47 108.428641
10 48 13.384313
10 49 24.993731
10 50 107.652859
10 51 232.151411
10 52 68.771882
10 53 159.938530
10 54 200.368739
10 55 165.636255
10 56 4.761748
10 57 141.472072
10 58 166.501767
10 59 55.030080
10 60 105.304239
10 61 417.016156
10 62 55.413363
10 63 10.049892
10 64 45.807988
10 65 58.212053
10 66 130.571281
10 67 85.465030
10 68 184.202131
10 69 71.099445
10 70 40.368509
10 71 17.303497
10 72 12.211697
10 73 35.355306
10 74 209.653997
10 75 230.315689
10 76 33.917779
10 77 113.998765
10 78 24.416073
10 79 260.083882
10 80 146.535361
11 12 35.737503
11 13 159.156869
11 14 27.340630
11 15 11.622261
11 16 2.445456
11 17 89.523609
11 18 84.442837
11 19 292.407851
11 20 620.071948
11 21 94.014034
11 22 8.082106
11 23 27.498674
11 24 86.050715
11 25 32.430085
11 26 28.734706
11 27 29.759000
11 28 390.699052
11 29 39.213808
11 30 17.238020
11 31 95.592870
11 32 24.423477
11 33 10.720015
11 34 5.580533
11 35 24.399519
11 36 1.675963
11 37 52.631924
11 38 21.396793
11 39 108.717054
11 40 36.978327
11 41 22.962374
11 42 36.767496
11 43 48.835040
11 44 15.140308
11 45 291.496901
11 46 30.449841
11 47 44.800852
11 48 5.535229
11 49 10.325798
11 50 44.479129
11 51 95.919781
11 52 28.415820
11 53 66.079297
11 54 82.785817
11 55 68.439234
11 56 1.971036
11 57 58.452709
11 58 68.796095
11 59 22.737034
11 60 43.507199
11 61 172.292459
11 62 22.900616
11 63 4.158680
11 64 18.929418
11 65 24.054254
11 66 53.949207
11 67 35.315525
11 68 76.108983
11 69 29.378707
11 70 16.684048
11 71 7.155913
11 72 5.056497
11 73 14.609657
11 74 86.626073
11 75 95.160152
11 76 14.022499
11 77 47.099729
11 78 10.089809
11 79 107.458234
11 80 60.546564
12 13 532.583738
12 14 91.472398
12 15 38.857339
12 16 8.135190
12 17 299.561056
12 18 282.558842
12 19 978.479422
12 20 2074.905508
12 21 314.587618
12 22 27.035367
12 23 91.999279
12 24 287.940603
12 25 108.506350
12 26 96.136518
12 27 99.552354
12 28 1307.403577
12 29 131.221183
12 30 57.662062
12 31 319.877934
12 32 81.714292
12 33 35.860537
12 34 18.653802
12 35 81.644576
12 36 5.601078
12 37 176.112738
12 38 71.577329
12 39 363.801090
12 40 123.741255
12 41 76.828055
12 42 123.024481
12 43 163.407338
12 44 50.655899
12 45 975.441620
12 46 101.873151
12 47 149.905621
12 48 18.503076
12 49 34.555465
12 50 148.828299
12 51 320.960105
12 52 95.078789
12 53 221.123460
12 54 277.019633
12 55 229.000946
12 56 6.583345
12 57 195.592300
12 58 230.195467
12 59 76.080588
12 60 145.588654
12 61 576.547591
12 62 76.612282
12 63 13.894162
12 64 63.331656
12 65 80.479054
12 66 180.519301
12 67 118.158678
12 68 254.669728
12 69 98.296723
12 70 55.811353
12 71 23.917632
12 72 16.875991
12 73 48.881218
12 74 289.857074
12 75 318.422908
12 76 46.895017
12 77 157.607316
12 78 33.750153
12 79 359.578921
12 80 202.592514
13 14 407.406520
13 15 173.053517
13 16 36.234952
13 17 1334.252988
13 18 1258.520878
13 19 4358.200046
13 20 9241.752535
13 21 1401.191248
13 22 120.380373
13 23 409.750234
13 24 1282.494459
13 25 483.280101
13 26 428.177129
13 27 443.387332
13 28 5823.252488
13 29 584.465109
13 30 256.812073
13 31 1424.753825
13 32 363.950009
13 33 159.721599
13 34 83.073004
13 35 363.645492
13 36 24.935409
13 37 784.407319
13 38 318.791309
13 39 1620.389491
13 40 551.154132
13 41 342.185834
13 42 547.950137
13 43 727.809828
13 44 225.612430
13 45 4344.678073
13 46 453.734366
13 47 667.680171
13 48 82.400154
13 49 153.903633
13 50 662.880038
13 51 1429.569232
13 52 423.480560
13 53 984.892610
13 54 1233.856710
13 55 1019.969462
13 56 29.316729
13 57 871.169799
13 58 1025.285754
13 59 338.867114
13 60 648.460206
13 61 2567.980322
13 62 341.220957
13 63 61.860408
13 64 282.069596
13 65 358.451450
13 66 804.029471
13 67 526.271550
13 68 1134.298669
13 69 437.804595
13 70 248.572227
13 71 106.511029
13 72 75.154160
13 73 217.718936
13 74 1291.028780
13 75 1418.264663
13 76 208.847572
13 77 701.995347
13 78 150.327666
13 79 1601.581857
13 80 902.343712
14 15 29.731016
14 16 6.230228
14 17 229.156138
14 18 216.154591
14 19 748.499341
14 20 1587.228601
14 21 240.649949
14 22 20.680375
14 23 70.378986
14 24 220.263598
14 25 83.005944
14 26 73.542896
14 27 76.159506
14 28 1000.110613
14 29 100.379317
14 30 44.108430
14 31 244.692831
14 32 62.511653
14 33 27.433883
14 34 14.270704
14 35 62.456048
14 36 4.287402
14 37 134.721213
14 38 54.755908
14 39 278.293339
14 40 94.655825
14 41 58.773316
14 42 94.111145
14 43 125.000887
14 44 38.754388
14 45 746.174180
14 46 77.933335
14 47 114.674933
14 48 14.156725
14 49 26.436360
14 50 113.852141
14 51 245.525468
14 52 72.732315
14 53 169.153705
14 54 211.910863
14 55 175.179006
14 56 5.038720
14 57 149.621676
14 58 176.098695
14 59 58.199241
14 60 111.369758
14 61 441.035544
14 62 58.606872
14 63 10.631837
14 64 48.452461
14 65 61.567374
14 66 138.092076
14 67 90.390641
14 68 194.814676
14 69 75.198586
14 70 42.697079
14 71 18.302430
14 72 12.917775
14 73 37.388377
14 74 221.734050
14 75 243.585220
14 76 35.875612
14 77 120.563712
14 78 25.819875
14 79 275.064737
14 80 154.981916
15 16 2.658305
15 17 97.342814
15 18 91.819053
15 19 317.927098
15 20 674.195488
15 21 102.224015
15 22 8.795988
15 23 29.902822
15 24 93.561533
15 25 35.264637
15 26 31.244835
15 27 32.356489
15 28 424.801221
15 29 42.639015
15 30 18.745079
15 31 103.937149
15 32 26.555908
15 33 11.661110
15 34 6.068063
15 35 26.530673
15 36 1.828178
15 37 57.233483
15 38 23.267194
15 39 118.206900
15 40 40.209482
15 41 24.967879
15 42 39.979634
15 43 53.101741
15 44 16.465981
15 45 316.939937
15 46 33.116336
15 47 48.715450
15 48 6.022475
15 49 11.233500
15 50 48.373262
15 51 104.296221
15 52 30.898263
15 53 71.854732
15 54 90.011900
15 55 74.415289
15 56 2.148962
15 57 63.560373
15 58 74.806170
15 59 24.726334
15 60 47.305086
15 61 187.328514
15 62 24.900117
15 63 4.529319
15 64 20.591068
15 65 26.162226
15 66 58.662312
15 67 38.402481
15 68 82.754357
15 69 31.947099
15 70 18.145077
15 71 7.792175
15 72 5.507298
15 73 15.885361
15 74 94.195438
15 75 103.470006
15 76 15.249600
15 77 51.215861
15 78 10.973850
15 79 116.836794
15 80 65.835466
16 17 20.385517
16 18 19.233097
16 19 66.565383
16 20 141.173804
16 21 21.410185
16 22 1.843930
16 23 6.261113
16 24 19.593376
16 25 7.389901
16 26 6.547858
16 27 6.775530
16 28 88.942687
16 29 8.930923
16 30 3.928924
16 31 21.760917
16 32 5.564193
16 33 2.442056
16 34 1.277219
16 35 5.556333
16 36 0.408351
16 37 11.984287
16 38 4.876488
16 39 24.750927
16 40 8.419463
16 41 5.229594
16 42 8.373942
16 43 11.121588
16 44 3.450911
16 45 66.361181
16 46 6.944974
16 47 10.202901
16 48 1.261877
16 49 2.358995
16 50 10.135408
16 51 21.845084
16 52 6.472300
16 53 15.047460
16 54 18.848249
16 55 15.585050
16 56 0.449633
16 57 13.312789
16 58 15.670483
16 59 5.178224
16 60 9.905135
16 61 39.221407
16 62 5.210985
16 63 0.951230
16 64 4.316419
16 65 5.482218
16 66 12.285862
16 67 8.046113
16 68 17.328148
16 69 6.693458
16 70 3.806089
16 71 1.640103
16 72 1.164479
16 73 3.334099
16 74 19.727139
16 75 21.668631
16 76 3.197899
16 77 10.723133
16 78 2.302295
16 79 24.464599
16 80 13.791113
17 18 707.877508
17 19 2451.326277
17 20 5198.152425
17 21 788.121015
17 22 67.710383
17 23 230.473777
17 24 721.357307
17 25 271.829565
17 26 240.836976
17 27 249.393226
17 28 3275.363107
17 29 328.740505
17 30 144.448310
17 31 801.370181
17 32 204.709721
17 33 89.838913
17 34 46.728844
17 35 204.538038
17 36 14.023087
17 37 441.201436
17 38 179.311501
17 39 911.409171
17 40 310.002308
17 41 192.469065
17 42 308.204315
17 43 409.370384
17 44 126.901908
17 45 2443.720449
17 46 255.212959
17 47 375.547437
17 48 46.349746
17 49 86.566837
17 50 372.852559
17 51 804.085413
17 52 238.193882
17 53 553.967044
17 54 693.999991
17 55 573.697470
17 56 16.492702
17 57 490.002737
17 58 576.691882
17 59 190.600365
17 60 364.734905
17 61 1444.392830
17 62 191.926386
17 63 34.800410
17 64 158.661656
17 65 201.618293
17 66 452.239941
17 67 296.012479
17 68 638.005144
17 69 246.252491
17 70 139.817430
17 71 59.914706
17 72 42.277242
17 73 122.459663
17 74 726.160889
17 75 797.725017
17 76 117.474131
17 77 394.846075
17 78 84.555957
17 79 900.831578
17 80 507.539225
18 19 2312.190160
18 20 4903.110108
18 21 743.387794
18 22 63.871909
18 23 217.393070
18 24 680.413184
18 25 256.401008
18 26 227.168922
18 27 235.243352
18 28 3089.452805
18 29 310.081362
18 30 136.249670
18 31 755.883055
18 32 193.093364
18 33 84.738613
18 34 44.076786
18 35 192.929400
18 36 13.230071
18 37 416.161210
18 38 169.135931
18 39 859.677587
18 40 292.404620
18 41 181.546382
18 42 290.711345
18 43 386.134067
18 44 119.702532
18 45 2305.014385
18 46 240.727271
18 47 354.232293
18 48 43.720405
18 49 81.655043
18 50 351.690661
18 51 758.446170
18 52 224.673625
18 53 522.526048
18 54 654.609681
18 55 541.135022
18 56 15.556193
18 57 462.190268
18 58 543.966720
18 59 179.781085
18 60 344.032949
18 61 1362.409286
18 62 181.033207
18 63 32.825007
18 64 149.661328
18 65 190.175871
18 66 426.572094
18 67 279.213642
18 68 601.792758
18 69 232.278778
18 70 131.883655
18 71 56.517538
18 72 39.879606
18 73 115.507110
18 74 684.948539
18 75 752.447897
18 76 110.807137
18 77 372.433269
18 78 79.757886
18 79 849.700322
18 80 478.736250
19 20 16979.216486
19 21 2574.308021
19 22 221.160645
19 23 752.805103
19 24 2356.235525
19 25 887.895503
19 26 786.658842
19 27 814.599796
19 28 10698.650120
19 29 1073.793538
19 30 471.816842
19 31 2617.595467
19 32 668.658520
19 33 293.439216
19 34 152.625289
19 35 668.100380
19 36 45.804529
19 37 1441.135252
19 38 585.690850
19 39 2977.027393
19 40 1012.590978
19 41 628.673681
19 42 1006.709014
19 43 1337.153009
19 44 414.500655
19 45 7982.170948
19 46 833.612835
19 47 1226.679894
19 48 151.386111
19 49 282.756397
19 50 1217.858215
19 51 2626.443690
19 52 778.026871
19 53 1809.474368
19 54 2266.876796
19 55 1873.916512
19 56 53.859240
19 57 1600.536828
19 58 1883.683927
19 59 622.571261
19 60 1191.369921
19 61 4717.970039
19 62 626.900760
19 63 113.652156
19 64 518.220449
19 65 658.551405
19 66 1477.185908
19 67 966.876897
19 68 2083.965557
19 69 804.345728
19 70 456.680783
19 71 195.683987
19 72 138.068680
19 73 399.995551
19 74 2371.910550
19 75 2605.675513
19 76 383.696397
19 77 1289.721082
19 78 276.184302
19 79 2942.472769
19 80 1657.811657
20 21 5458.939797
20 22 468.983025
20 23 1596.359291
20 24 4996.502339
20 25 1882.820400
20 26 1668.146222
20 27 1727.395846
20 28 22686.941624
20 29 2277.027127
20 30 1000.514414
20 31 5550.717897
20 32 1417.921993
20 33 622.248531
20 34 323.657470
20 35 1416.736267
20 36 97.129677
20 37 3055.989034
20 38 1241.987995
20 39 6312.915614
20 40 2147.239838
20 41 1333.128761
20 42 2134.770989
20 43 2835.497566
20 44 878.970670
20 45 16926.536160
20 46 1767.710088
20 47 2601.229661
20 48 321.024075
20 49 599.598935
20 50 2582.545716
20 51 5569.502978
20 52 1649.845177
20 53 3837.069266
20 54 4807.009981
20 55 3973.719550
20 56 114.215356
20 57 3394.004348
20 58 3994.443052
20 59 1320.190827
20 60 2526.352254
20 61 10004.658637
20 62 1329.367367
20 63 241.002916
20 64 1098.958040
20 65 1396.492739
20 66 3132.443685
20 67 2050.317939
20 68 4419.142271
20 69 1705.652550
20 70 968.430093
20 71 414.967263
20 72 292.788578
20 73 848.216721
20 74 5029.746780
20 75 5525.451747
20 76 813.661657
20 77 2734.908329
20 78 585.668917
20 79 6239.639633
20 80 3515.466329
21 22 71.106061
21 23 242.035543
21 24 757.546602
21 25 285.465256
21 26 252.918215
21 27 261.900812
21 28 3439.684332
21 29 345.233954
21 30 151.696816
21 31 841.571860
21 32 214.981863
21 33 94.343029
21 34 49.074026
21 35 214.799494
21 36 14.731023
21 37 463.338518
21 38 188.303776
21 39 957.133894
21 40 325.555575
21 41 202.123876
21 42 323.666119
21 43 429.905667
21 44 133.266378
21 45 2566.319849
21 46 268.021955
21 47 394.386701
21 48 48.673778
21 49 90.910243
21 50 391.558848
21 51 844.422947
21 52 250.144804
21 53 581.757511
21 54 728.816924
21 55 602.477991
21 56 17.314328
21 57 514.583592
21 58 605.620306
21 59 200.161669
21 60 383.032901
21 61 1516.856959
21 62 201.552592
21 63 36.541541
21 64 166.618372
21 65 211.732293
21 66 474.927680
21 67 310.861611
21 68 670.010129
21 69 258.604763
21 70 146.829752
21 71 62.909980
21 72 44.398359
21 73 128.608047
21 74 762.589881
21 75 837.743613
21 76 123.360879
21 77 414.654786
21 78 88.798435
21 79 946.025728
21 80 532.999885
22 23 20.796017
22 24 65.084155
22 25 24.531955
22 26 21.736773
22 27 22.495323
22 28 295.510612
22 29 29.662142
22 30 13.039134
22 31 72.300778
22 32 18.474823
22 33 8.108307
22 34 4.223848
22 35 18.455444
22 36 1.276343
22 37 39.809175
22 38 16.185781
22 39 82.229860
22 40 27.970869
22 41 17.368177
22 42 27.811591
22 43 36.937970
22 44 11.452982
22 45 220.476807
22 46 23.037598
22 47 33.885773
22 48 4.187019
22 49 7.812923
22 50 33.646185
22 51 72.550195
22 52 21.491964
22 53 49.986031
22 54 62.614942
22 55 51.765693
22 56 1.495901
22 57 44.214024
22 58 52.038350
22 59 17.196972
22 60 32.906811
22 61 130.312983
22 62 17.319503
22 63 3.149896
22 64 14.322536
22 65 18.198920
22 66 40.809878
22 67 26.708819
22 68 57.565835
22 69 22.220779
22 70 12.621517
22 71 5.424211
22 72 3.831859
22 73 11.047315
22 74 65.544998
22 75 71.975659
22 76 10.616125
22 77 35.624603
22 78 7.636412
22 79 81.275155
22 80 45.797628
23 24 221.528880
23 25 83.484838
23 26 73.966461
23 27 76.595145
23 28 1005.866304
23 29 100.958239
23 30 44.364932
23 31 246.101223
23 32 62.870122
23 33 27.593180
23 34 14.354962
23 35 62.815037
23 36 4.307190
23 37 135.497588
23 38 55.070596
23 39 279.894250
23 40 95.203311
23 41 59.110694
23 42 94.654515
23 43 125.721308
23 44 38.974753
23 45 750.468134
23 46 78.380896
23 47 115.333960
23 48 14.239584
23 49 26.586786
23 50 114.505019
23 51 246.937428
23 52 73.152011
23 53 170.125273
23 54 213.129707
23 55 176.187407
23 56 5.068521
23 57 150.482145
23 58 177.107021
23 59 58.535331
23 60 112.010293
23 61 443.572693
23 62 58.945881
23 63 10.696830
23 64 48.731469
23 65 61.921266
23 66 138.887533
23 67 90.908312
23 68 195.936291
23 69 75.628988
23 70 42.941233
23 71 18.403984
23 72 12.987769
23 73 37.607979
23 74 223.009030
23 75 244.983739
23 76 36.081195
23 77 121.258287
23 78 25.968340
23 79 276.647787
23 80 155.869303
24 25 261.282739
24 26 231.492269
24 27 239.714592
24 28 3148.306184
24 29 315.987258
24 30 138.844042
24 31 770.284087
24 32 196.768674
24 33 86.352311
24 34 44.913556
24 35 196.603164
24 36 13.481947
24 37 424.085162
24 38 172.353143
24 39 876.053794
24 40 297.976891
24 41 185.001718
24 42 296.246503
24 43 393.486509
24 44 121.977097
24 45 2348.923925
24 46 245.311718
24 47 360.977595
24 48 44.549804
24 49 83.207767
24 50 358.383841
24 51 772.888951
24 52 228.952311
24 53 532.476195
24 54 667.077616
24 55 551.441454
24 56 15.851337
24 57 470.993215
24 58 554.316319
24 59 183.205936
24 60 350.586151
24 61 1388.363204
24 62 184.479789
24 63 33.446096
24 64 152.500457
24 65 193.794683
24 66 434.694705
24 67 284.525513
24 68 613.252069
24 69 236.697410
24 70 134.390565
24 71 57.586251
24 72 40.632804
24 73 117.706612
24 74 697.985886
24 75 766.777618
24 76 112.913216
24 77 379.528655
24 78 81.272853
24 79 865.886329
24 80 487.848029
25 26 87.235832
25 27 90.337767
25 28 1186.367232
25 29 119.073301
25 30 52.322423
25 31 290.264651
25 32 74.151826
25 33 32.544448
25 34 16.927288
25 35 74.086215
25 36 5.085684
25 37 159.810261
25 38 64.950794
25 39 330.121560
25 40 112.287204
25 41 69.716946
25 42 111.636803
25 43 148.281165
25 44 45.966969
25 45 885.139287
25 46 92.443567
25 47 136.029147
25 48 16.792859
25 49 31.355833
25 50 135.051707
25 51 291.247492
25 52 86.277564
25 53 200.653138
25 54 251.374754
25 55 207.803190
25 56 5.973939
25 57 177.485674
25 58 208.886779
25 59 69.038636
25 60 132.110482
25 61 523.172105
25 62 69.520194
25 63 12.611083
25 64 57.469385
25 65 73.032607
25 66 163.808974
25 67 107.220979
25 68 231.094197
25 69 89.199426
25 70 50.645396
25 71 21.706548
25 72 15.314160
25 73 44.358205
25 74 263.026732
25 75 288.945389
25 76 42.553079
25 77 143.017665
25 78 30.624314
25 79 326.290770
25 80 183.838637
26 27 80.039477
26 28 1051.099930
26 29 105.497678
26 30 46.358084
26 31 257.168936
26 32 65.697640
26 33 28.831765
26 34 15.000994
26 35 65.639658
26 36 4.504684
26 37 141.590107
26 38 57.547212
26 39 292.481445
26 40 99.484245
26 41 61.767207
26 42 98.908394
26 43 131.375107
26 44 40.726860
26 45 784.216052
26 46 81.905500
26 47 120.519079
26 48 14.878688
26 49 27.782675
26 50 119.653721
26 51 258.042661
26 52 76.440376
26 53 177.774563
26 54 222.713680
26 55 184.109318
26 56 5.294792
26 57 157.249781
26 58 185.071377
26 59 61.166597
26 60 117.047645
26 61 463.520797
26 62 61.594315
26 63 11.172310
26 64 50.919422
26 65 64.706851
26 66 145.132475
26 67 94.996750
26 68 204.746172
26 69 79.027261
26 70 44.871662
26 71 19.232043
26 72 13.573989
26 73 39.298679
26 74 233.035500
26 75 256.001202
26 76 37.704492
26 77 126.711013
26 78 27.135485
26 79 289.087729
26 80 162.878390
27 28 1088.433292
27 29 109.242349
27 30 48.007125
27 31 266.303557
27 32 68.032481
27 33 29.859119
27 34 15.524021
27 35 67.972026
27 36 4.673711
27 37 146.619447
27 38 59.595562
27 39 302.870372
27 40 103.016823
27 41 63.964355
27 42 102.422265
27 43 136.037494
27 44 42.176842
27 45 812.068847
27 46 84.819850
27 47 124.803237
27 48 15.409769
27 49 28.766968
27 50 123.903106
27 51 267.205868
27 52 79.156525
27 53 184.092867
27 54 230.623894
27 55 190.651082
27 56 5.477312
27 57 162.834856
27 58 191.649146
27 59 63.340731
27 60 121.205027
27 61 479.983669
27 62 63.784291
27 63 11.576727
27 64 52.729705
27 65 67.008204
27 66 150.287910
27 67 98.372697
27 68 212.023013
27 69 81.839470
27 70 46.468966
27 71 19.926921
27 72 14.061188
27 73 40.694372
27 74 241.317486
27 75 265.095122
27 76 39.040284
27 77 131.213274
27 78 28.086588
27 79 299.356705
27 80 168.667345
28 29 1434.761312
28 30 630.424765
28 31 3497.527558
28 32 893.431893
28 33 392.080892
28 34 203.929157
28 35 892.688331
28 36 61.199462
28 37 1925.585627
28 38 782.574403
28 39 3977.784303
28 40 1352.985956
28 41 840.007019
28 42 1345.122905
28 43 1786.648009
28 44 553.837229
28 45 10665.457002
28 46 1113.833898
28 47 1639.038833
28 48 202.274450
28 49 377.805881
28 50 1627.253757
28 51 3509.348208
28 52 1039.568784
28 53 2417.746264
28 54 3028.908195
28 55 2503.849394
28 56 71.966014
28 57 2138.572217
28 58 2516.899715
28 59 831.855499
28 60 1591.860692
28 61 6303.962055
28 62 837.637918
28 63 151.853945
28 64 692.426679
28 65 879.929046
28 66 1973.754757
28 67 1291.899827
28 68 2784.508786
28 69 1074.731459
28 70 610.195911
28 71 261.456610
28 72 184.479402
28 73 534.459089
28 74 3169.251916
28 75 3481.597233
28 76 512.677977
28 77 1723.274625
28 78 369.026690
28 79 3931.612561
28 80 2215.098027
29 30 63.275570
29 31 351.038035
29 32 89.672261
29 33 39.354572
29 34 20.469897
29 35 89.597044
29 36 6.145641
29 37 193.266917
29 38 78.546115
29 39 399.239012
29 40 135.798535
29 41 84.309547
29 42 135.008171
29 43 179.323496
29 44 55.588333
29 45 1070.462784
29 46 111.790835
29 47 164.506760
29 48 20.302850
29 49 37.920914
29 50 163.326492
29 51 352.224508
29 52 104.342804
29 53 242.662093
29 54 304.003944
29 55 251.305202
29 56 7.224929
29 57 214.643602
29 58 252.616223
29 59 83.493729
29 60 159.770628
29 61 632.710565
29 62 84.072865
29 63 15.243169
29 64 69.501077
29 65 88.317675
29 66 198.101813
29 67 129.666302
29 68 279.475458
29 69 107.868483
29 70 61.246952
29 71 26.242663
29 72 18.516924
29 73 53.646959
29 74 318.092618
29 75 349.439294
29 76 51.457019
29 77 172.962418
29 78 37.038272
29 79 394.605857
29 80 222.324124
30 31 154.245484
30 32 39.401756
30 33 17.293501
30 34 8.994646
30 35 39.368735
30 36 2.708167
30 37 84.922435
30 38 34.515733
30 39 175.423063
30 40 59.669073
30 41 37.046810
30 42 59.324255
30 43 78.794600
30 44 24.426818
30 45 470.353614
30 46 49.118788
30 47 72.285719
30 48 8.924288
30 49 16.663343
30 50 71.767252
30 51 154.767251
30 52 45.847893
30 53 106.624655
30 54 133.578177
30 55 110.425650
30 56 3.177289
30 57 94.313960
30 58 111.000626
30 59 36.687600
30 60 70.202171
30 61 278.008192
30 62 36.944703
30 63 6.702900
30 64 30.541611
30 65 38.809305
30 66 87.046700
30 67 56.978535
30 68 122.801758
30 69 47.399721
30 70 26.915462
30 71 11.535525
30 72 8.145925
30 73 23.573508
30 74 139.772587
30 75 153.543187
30 76 22.615817
30 77 75.998994
30 78 16.274580
30 79 173.388626
30 80 97.688789
31 32 218.592167
31 33 95.932589
31 34 49.893080
31 35 218.410185
31 36 14.972792
31 37 471.125721
31 38 191.470197
31 39 973.228336
31 40 331.032661
31 41 205.520376
31 42 329.106192
31 43 437.131969
31 44 135.504925
31 45 2609.472976
31 46 272.517023
31 47 401.018414
31 48 49.489584
31 49 92.435431
31 50 398.132861
31 51 858.616986
31 52 254.348688
31 53 591.539784
31 54 741.070814
31 55 612.607710
31 56 17.606525
31 57 523.236951
31 58 615.799098
31 59 203.529472
31 60 389.474047
31 61 1542.364175
31 62 204.942517
31 63 37.156619
31 64 169.410357
31 65 215.290571
31 66 482.909756
31 67 316.083707
31 68 681.274133
31 69 262.950848
31 70 149.294541
31 71 63.969960
31 72 45.138969
31 73 130.765024
31 74 775.406176
31 75 851.829164
31 76 125.435976
31 77 421.630188
31 78 90.287334
31 79 961.931991
31 80 541.958441
32 33 24.506867
32 34 12.749611
32 35 55.793618
32 36 3.831458
32 37 120.349428
32 38 48.913106
32 39 248.608666
32 40 84.560891
32 41 52.502513
32 42 84.072248
32 43 111.667782
32 44 34.617644
32 45 666.582084
32 46 69.620012
32 47 102.441077
32 48 12.646106
32 49 23.615155
32 50 101.705190
32 51 219.335388
32 52 64.974254
32 53 151.109123
32 54 189.306530
32 55 156.492712
32 56 4.497607
32 57 133.661433
32 58 157.310397
32 59 51.991837
32 60 99.490260
32 61 393.992058
32 62 52.354016
32 63 9.496574
32 64 43.283623
32 65 54.999082
32 66 123.361550
32 67 80.748093
32 68 174.033406
32 69 67.174312
32 70 38.141333
32 71 16.345242
32 72 11.534419
32 73 33.403122
32 74 198.080895
32 75 217.600562
32 76 32.048522
32 77 107.704206
32 78 23.064870
32 79 245.724331
32 80 138.447205
33 34 5.594620
33 35 24.484945
33 36 1.684975
33 37 52.815364
33 38 21.468335
33 39 109.100895
33 40 37.113488
33 41 23.041531
33 42 36.896029
33 43 49.008506
33 44 15.192944
33 45 292.526967
33 46 30.553719
33 47 44.957445
33 48 5.551855
33 49 10.363422
33 50 44.634145
33 51 96.255162
33 52 28.516781
33 53 66.313272
33 54 83.076875
33 55 68.678611
33 56 1.973930
33 57 58.659276
33 58 69.035774
33 59 22.820526
33 60 43.661097
33 61 172.901058
33 62 22.977823
33 63 4.171089
33 64 18.993973
33 65 24.139498
33 66 54.137473
33 67 35.436058
33 68 76.376152
33 69 29.481308
33 70 16.740000
33 71 7.174696
33 72 5.064965
33 73 14.659666
33 74 86.931083
33 75 95.494332
33 76 14.067041
33 77 47.269412
33 78 10.122823
33 79 107.835987
33 80 60.757168
34 35 12.735799
34 36 0.878116
34 37 27.472858
34 38 11.169189
34 39 56.746933
34 40 19.301668
34 41 11.983814
34 42 19.193259
34 43 25.495290
34 44 7.903285
34 45 152.149809
34 46 15.896698
34 47 23.384185
34 48 2.894352
34 49 5.392810
34 50 23.221076
34 51 50.068842
34 52 14.833834
34 53 34.495751
34 54 43.210402
34 55 35.723803
34 56 1.039003
34 57 30.510587
34 58 35.909659
34 59 11.868221
34 60 22.708900
34 61 89.929310
34 62 11.952620
34 63 2.170860
34 64 9.889815
34 65 12.556966
34 66 28.163100
34 67 18.436078
34 68 39.726678
34 69 15.333937
34 70 8.711710
34 71 3.739701
34 72 2.645592
34 73 7.628962
34 74 45.214902
34 75 49.670273
34 76 7.322418
34 77 24.583970
34 78 5.275042
34 79 56.087541
34 80 31.601980
35 36 3.821716
35 37 120.247637
35 38 48.870900
35 39 248.401274
35 40 84.489934
35 41 52.457041
35 42 84.000152
35 43 111.572237
35 44 34.586913
35 45 666.027055
35 46 69.557640
35 47 102.354209
35 48 12.632679
35 49 23.593648
35 50 101.618697
35 51 219.149651
35 52 64.918635
35 53 150.981865
35 54 189.147248
35 55 156.359230
35 56 4.493545
35 57 133.548325
35 58 157.175467
35 59 51.947385
35 60 99.407204
35 61 393.664047
35 62 52.309170
35 63 9.484621
35 64 43.241981
35 65 54.950564
35 66 123.256379
35 67 80.676650
35 68 173.885877
35 69 67.115444
35 70 38.106693
35 71 16.329774
35 72 11.522392
35 73 33.374693
35 74 197.911720
35 75 217.416950
35 76 32.016777
35 77 107.613690
35 78 23.045151
35 79 245.518589
35 80 138.328385
36 37 8.248112
36 38 3.365394
36 39 17.030034
36 40 5.792944
36 41 3.597397
36 42 5.760585
36 43 7.649566
36 44 2.374743
36 45 45.661951
36 46 4.789323
36 47 7.017215
36 48 0.870582
36 49 1.620760
36 50 6.969071
36 51 15.024847
36 52 4.453527
36 53 10.352729
36 54 12.967566
36 55 10.724374
36 56 0.318962
36 57 9.161015
36 58 10.780875
36 59 3.562997
36 60 6.815883
36 61 26.987771
36 62 3.592304
36 63 0.643978
36 64 2.965879
36 65 3.773519
36 66 8.452316
36 67 5.536182
36 68 11.922353
36 69 4.605469
36 70 2.613320
36 71 1.139476
36 72 0.804911
36 73 2.287940
36 74 13.596823
36 75 14.906697
36 76 2.201145
36 77 7.379617
36 78 1.580527
36 79 16.832122
36 80 9.487896
37 38 105.419185
37 39 535.817184
37 40 182.250823
37 41 113.152822
37 42 181.194754
37 43 240.668287
37 44 74.606201
37 45 1436.662845
37 46 150.039086
37 47 220.784522
37 48 27.250474
37 49 50.892575
37 50 219.201590
37 51 472.719923
37 52 140.034511
37 53 325.677522
37 54 408.002403
37 55 337.277081
37 56 9.699974
37 57 288.072933
37 58 339.038040
37 59 112.054072
37 60 214.427581
37 61 849.157725
37 62 112.834894
37 63 20.460913
37 64 93.273130
37 65 118.533686
37 66 265.872958
37 67 174.024165
37 68 375.083097
37 69 144.771959
37 70 82.198830
37 71 35.225229
37 72 24.857311
37 73 71.995449
37 74 426.909990
37 75 468.981985
37 76 69.063921
37 77 232.129814
37 78 49.712255
37 79 529.598618
37 80 298.382956
38 39 217.760908
38 40 74.068735
38 41 45.987904
38 42 73.641547
38 43 97.812327
38 44 30.323483
38 45 583.871819
38 46 60.991418
38 47 89.728675
38 48 11.079378
38 49 20.686166
38 50 89.088778
38 51 192.120450
38 52 56.912468
38 53 132.360898
38 54 165.817078
38 55 137.075961
38 56 3.942165
38 57 117.077782
38 58 137.793536
38 59 45.541928
38 60 87.145307
38 61 345.104148
38 62 45.866314
38 63 8.320514
38 64 37.913438
38 65 48.177611
38 66 108.056426
38 67 70.729917
38 68 152.439229
38 69 58.840449
38 70 33.410474
38 71 14.332715
38 72 10.112589
38 73 29.260081
38 74 173.509801
38 75 190.601284
38 76 28.072456
38 77 94.340543
38 78 20.206462
38 79 215.235082
38 80 121.269164
39 40 376.483950
39 41 233.742132
39 42 374.296421
39 43 497.156806
39 44 154.112220
39 45 2967.790798
39 46 309.939742
39 47 456.082612
39 48 56.285711
39 49 105.129034
39 50 452.803656
39 51 976.518502
39 52 289.272606
39 53 672.768673
39 54 842.830113
39 55 696.726596
39 56 20.025050
39 57 595.083282
39 58 700.357806
39 59 231.473500
39 60 442.954353
39 61 1754.152764
39 62 233.082735
39 63 42.255344
39 64 192.676583
39 65 244.851066
39 66 549.221135
39 67 359.487522
39 68 774.823106
39 69 299.057284
39 70 169.794989
39 71 72.755310
39 72 51.334492
39 73 148.719840
39 74 881.882390
39 75 968.796624
39 76 142.659431
39 77 479.521414
39 78 102.685729
39 79 1094.018219
39 80 616.378159
40 41 79.503229
40 42 127.312192
40 43 169.101129
40 44 52.418293
40 45 1009.449882
40 46 105.419347
40 47 155.130241
40 48 19.145332
40 49 35.758452
40 50 154.014607
40 51 332.147863
40 52 98.394458
40 53 228.831091
40 54 286.676182
40 55 236.981846
40 56 6.810751
40 57 202.409901
40 58 238.214846
40 59 78.736165
40 60 150.664126
40 61 596.648078
40 62 79.280678
40 63 14.374746
40 64 65.534949
40 65 83.284427
40 66 186.809548
40 67 122.274066
40 68 263.545473
40 69 101.719154
40 70 57.754074
40 71 24.744278
40 72 17.461191
40 73 50.589514
40 74 299.961464
40 75 329.521311
40 76 48.523861
40 77 163.105542
40 78 34.926710
40 79 372.114329
40 80 209.650260
41 42 79.043688
41 43 104.989113
41 44 32.548053
41 45 626.721868
41 46 65.455757
41 47 96.315644
41 48 11.889424
41 49 22.202856
41 50 95.622489
41 51 206.217645
41 52 61.088157
41 53 142.070752
41 54 177.985762
41 55 147.133699
41 56 4.230149
41 57 125.668285
41 58 147.903130
41 59 48.881896
41 60 93.540778
41 61 370.432210
41 62 49.223971
41 63 8.928455
41 64 40.692362
41 65 51.709261
41 66 115.984078
41 67 75.916885
41 68 163.626171
41 69 63.157685
41 70 35.858876
41 71 15.366933
41 72 10.844551
41 73 31.404251
41 74 186.237409
41 75 204.587952
41 76 30.129476
41 77 101.262748
41 78 21.683765
41 79 231.029809
41 80 130.167823
42 43 168.120494
42 44 52.117027
42 45 1003.585576
42 46 104.812799
42 47 154.231084
42 48 19.036907
42 49 35.552089
42 50 153.123491
42 51 330.221599
42 52 97.822756
42 53 227.502661
42 54 285.012259
42 55 235.606545
42 56 6.774835
42 57 201.234842
42 58 236.836484
42 59 78.276311
42 60 149.788925
42 61 593.181144
42 62 78.821890
42 63 14.295034
42 64 65.160857
42 65 82.801428
42 66 185.726779
42 67 121.566369
42 68 262.016491
42 69 101.132060
42 70 57.422299
42 71 24.607992
42 72 17.365593
42 73 50.291817
42 74 298.219568
42 75 327.609713
42 76 48.245667
42 77 162.155262
42 78 34.725374
42 79 369.954102
42 80 208.436657
43 44 69.223101
43 45 1333.002423
43 46 139.215385
43 47 204.854713
43 48 25.286153
43 49 47.221303
43 50 203.384743
43 51 438.614997
43 52 129.932378
43 53 302.179093
43 54 378.564476
43 55 312.943171
43 56 8.996107
43 57 267.287861
43 58 314.575276
43 59 103.969881
43 60 198.956345
43 61 787.888550
43 62 104.692907
43 63 18.984111
43 64 86.549431
43 65 109.980943
43 66 246.690461
43 67 161.471070
43 68 348.022237
43 69 134.327479
43 70 76.269922
43 71 32.684061
43 72 23.060431
43 73 66.801162
43 74 396.106859
43 75 435.144402
43 76 64.083757
43 77 215.381702
43 78 46.125670
43 79 491.386390
43 80 276.853600
44 45 413.213000
44 46 43.158378
44 47 63.504415
44 48 7.840479
44 49 14.640517
44 50 63.049385
44 51 135.966832
44 52 40.278148
44 53 93.673223
44 54 117.351488
44 55 97.010262
44 56 2.790377
44 57 82.857227
44 58 97.520775
44 59 32.229763
44 60 61.673930
44 61 244.234657
44 62 32.455849
44 63 5.888002
44 64 26.832453
44 65 34.095521
44 66 76.473132
44 67 50.057276
44 68 107.884442
44 69 41.643975
44 70 23.645474
44 71 10.137884
44 72 7.154613
44 73 20.703581
44 74 122.791545
44 75 134.892340
44 76 19.867393
44 77 66.765521
44 78 14.299606
44 79 152.324538
44 80 85.826106
45 46 831.023893
45 47 1222.873571
45 48 150.915546
45 49 281.878136
45 50 1214.081984
45 51 2618.294751
45 52 775.612894
45 53 1803.861092
45 54 2259.842635
45 55 1868.100472
45 56 53.693549
45 57 1595.570580
45 58 1877.836824
45 59 620.639260
45 60 1187.673696
45 61 4703.332220
45 62 624.953922
45 63 113.296399
45 64 516.614121
45 65 656.506650
45 66 1472.601539
45 67 963.875028
45 68 2077.497419
45 69 801.847554
45 70 455.261105
45 71 195.074442
45 72 137.638607
45 73 398.753587
45 74 2364.555895
45 75 2597.589761
45 76 382.505524
45 77 1285.719500
45 78 275.328460
45 79 2933.342928
45 80 1652.665635
46 47 127.711942
46 48 15.767333
46 49 29.442999
46 50 126.795586
46 51 273.443406
46 52 81.001962
46 53 188.393128
46 54 236.005666
46 55 195.101564
46 56 5.603297
46 57 166.636536
46 58 196.114364
46 59 64.817056
46 60 124.034087
46 61 491.185885
46 62 65.275065
46 63 11.841522
46 64 53.955473
46 65 68.570098
46 66 153.794206
46 67 100.666342
46 68 216.965394
46 69 83.746308
46 70 47.549200
46 71 20.398607
46 72 14.395124
46 73 41.638872
46 74 246.951488
46 75 271.282061
46 76 39.950022
46 77 134.274637
46 78 28.757010
46 79 306.343816
46 80 172.602243
47 48 23.194744
47 49 43.319732
47 50 186.581337
47 51 402.375997
47 52 119.196940
47 53 277.216779
47 54 347.288508
47 55 287.087905
47 56 8.256718
47 57 245.205158
47 58 288.584596
47 59 95.379734
47 60 182.518313
47 61 722.794515
47 62 96.043019
47 63 17.417776
47 64 79.396484
47 65 100.892718
47 66 226.307896
47 67 148.128418
47 68 319.267220
47 69 123.229772
47 70 69.966701
47 71 29.987333
47 72 21.160221
47 73 61.278514
47 74 363.382099
47 75 399.194323
47 76 58.787476
47 77 197.587204
47 78 42.311353
47 79 450.790062
47 80 253.980907
48 49 5.347391
48 50 23.030026
48 51 49.660234
48 52 14.712387
48 53 34.214235
48 54 42.860320
48 55 35.434480
48 56 1.023462
48 57 30.262876
48 58 35.619658
48 59 11.772272
48 60 22.524956
48 61 89.199398
48 62 11.857645
48 63 2.158881
48 64 9.806096
48 65 12.456515
48 66 27.933848
48 67 18.284873
48 68 39.404619
48 69 15.211089
48 70 8.639355
48 71 3.712528
48 72 2.621947
48 73 7.563854
48 74 44.853959
48 75 49.268108
48 76 7.266086
48 77 24.385202
48 78 5.225426
48 79 55.633617
48 80 31.347750
49 50 43.009326
49 51 92.750865
49 52 27.476088
49 53 63.899036
49 54 80.052305
49 55 66.175474
49 56 1.905892
49 57 56.523113
49 58 66.524029
49 59 21.985969
49 60 42.071601
49 61 166.607012
49 62 22.140234
49 63 4.015480
49 64 18.303382
49 65 23.258547
49 66 52.166889
49 67 34.145693
49 68 73.593957
49 69 28.407947
49 70 16.129464
49 71 6.911767
49 72 4.883165
49 73 14.123911
49 74 83.762707
49 75 92.017757
49 76 13.552176
49 77 45.544709
49 78 9.754462
49 79 103.909773
49 80 58.546627
50 51 399.488237
50 52 118.343092
50 53 275.224172
50 54 344.792220
50 55 285.025773
50 56 8.201216
50 57 243.442652
50 58 286.516111
50 59 94.694928
50 60 181.206150
50 61 717.596879
50 62 95.352807
50 63 17.292949
50 64 78.838621
50 65 100.171815
50 66 224.685332
50 67 147.069246
50 68 316.975010
50 69 122.345275
50 70 69.471369
50 71 29.774418
50 72 21.013588
50 73 60.847739
50 74 360.779982
50 75 396.325865
50 76 58.367872
50 77 196.166042
50 78 42.013000
50 79 447.549150
50 80 252.158235
51 52 255.209225
51 53 593.541961
51 54 743.578377
51 55 614.680247
51 56 17.672346
51 57 525.007276
51 58 617.888320
51 59 204.215809
51 60 390.790904
51 61 1547.577716
51 62 205.635514
51 63 37.283400
51 64 169.999074
51 65 216.020972
51 66 484.547609
51 67 317.159691
51 68 683.581487
51 69 263.843117
51 70 149.805949
51 71 64.193472
51 72 45.297676
51 73 131.208383
51 74 778.034470
51 75 854.712728
51 76 125.866308
51 77 423.052273
51 78 90.597887
51 79 965.184901
51 80 543.796448
52 53 175.824265
52 54 220.269821
52 55 182.087712
52 56 5.237104
52 57 155.523446
52 58 183.037065
52 59 60.496938
52 60 115.763224
52 61 458.435429
52 62 60.916241
52 63 11.046346
52 64 50.359840
52 65 63.993345
52 66 143.538279
52 67 93.952982
52 68 202.498213
52 69 78.158930
52 70 44.379702
52 71 19.016740
52 72 13.420746
52 73 38.872014
52 74 230.478705
52 75 253.191072
52 76 37.287184
52 77 125.322000
52 78 26.837043
52 79 285.915920
52 80 161.088384
53 54 512.283585
53 55 423.480881
53 56 12.172428
53 57 361.700427
53 58 425.688207
53 59 140.692863
53 60 269.232911
53 61 1066.194640
53 62 141.671149
53 63 25.685993
53 64 117.115044
53 65 148.826685
53 66 333.824784
53 67 218.502255
53 68 470.948001
53 69 181.772460
53 70 103.205903
53 71 44.236000
53 72 31.209679
53 73 90.389468
53 74 536.023187
53 75 588.848287
53 76 86.715248
53 77 291.459150
53 78 62.417881
53 79 664.958787
53 80 374.644858
54 55 530.528267
54 56 15.249730
54 57 453.131277
54 58 533.295060
54 59 176.257668
54 60 337.290339
54 61 1335.710113
54 62 177.483322
54 63 32.177365
54 64 146.718416
54 65 186.445127
54 66 418.209335
54 67 273.736286
54 68 589.995827
54 69 227.721436
54 70 129.293315
54 71 55.402674
54 72 39.092838
54 73 113.243259
54 74 671.516175
54 75 737.698161
54 76 108.631666
54 77 365.135143
54 78 78.191084
54 79 833.048160
54 80 469.347360
55 56 12.605909
55 57 374.582690
55 58 440.850839
55 59 145.704905
55 60 278.821465
55 61 1104.165116
55 62 146.719631
55 63 26.604273
55 64 121.286411
55 65 154.128921
55 66 345.715398
55 67 226.286193
55 68 487.722857
55 69 188.248355
55 70 106.883198
55 71 45.807988
55 72 32.324178
55 73 93.614959
55 74 555.115595
55 75 609.819816
55 76 89.804392
55 77 301.839902
55 78 64.638791
55 79 688.640305
55 80 387.988168
56 57 10.767244
56 58 12.674765
56 59 4.189333
56 60 8.013643
56 61 31.734295
56 62 4.217324
56 63 0.772645
56 64 3.494029
56 65 4.431731
56 66 9.942274
56 67 6.507852
56 68 14.020019
56 69 5.411335
56 70 3.074744
56 71 1.328396
56 72 0.947694
56 73 2.692320
56 74 15.956593
56 75 17.530261
56 76 2.590463
56 77 8.674282
56 78 1.865017
56 79 19.792258
56 80 11.153390
57 58 376.536003
57 59 124.448460
57 60 238.145213
57 61 943.082337
57 62 125.314743
57 63 22.720290
57 64 103.590581
57 65 131.642314
57 66 295.279669
57 67 193.272898
57 68 416.569793
57 69 160.784498
57 70 91.288011
57 71 39.119707
57 72 27.603144
57 73 79.955099
57 74 474.131918
57 75 520.855646
57 76 76.701493
57 77 257.806169
57 78 55.208453
57 79 588.177161
57 80 331.385164
58 59 146.463899
58 60 280.275069
58 61 1109.920301
58 62 147.484982
58 63 26.744319
58 64 121.927715
58 65 154.933568
58 66 347.519275
58 67 227.470307
58 68 490.267060
58 69 189.234672
58 70 107.444809
58 71 46.045903
58 72 32.492526
58 73 94.100074
58 74 558.013821
58 75 613.002553
58 76 90.275671
58 77 303.412387
58 78 64.976925
58 79 692.230662
58 80 390.017387
59 60 92.632997
59 61 366.836493
59 62 48.745733
59 63 8.841092
59 64 40.296011
59 65 51.208139
59 66 114.857433
59 67 75.179663
59 68 162.037011
59 69 62.542098
59 70 35.511674
59 71 15.217276
59 72 10.738610
59 73 31.104523
59 74 184.427865
59 75 202.601063
59 76 29.836162
59 77 100.283375
59 78 21.474520
59 79 228.787495
59 80 128.901211
60 61 701.990596
60 62 93.276845
60 63 16.910185
60 64 77.107258
60 65 97.986510
60 66 219.791656
60 67 143.862522
60 68 310.074796
60 69 119.679239
60 70 67.949896
60 71 29.115599
60 72 20.542990
60 73 59.515446
60 74 352.919183
60 75 387.700649
60 76 57.090949
60 77 191.898875
60 78 41.094012
60 79 437.812823
60 80 246.667230
61 62 369.386519
61 63 66.963584
61 64 305.351010
61 65 388.036146
61 66 870.400093
61 67 569.711157
61 68 1227.932441
61 69 473.942349
61 70 269.087779
61 71 115.298768
61 72 81.350484
61 73 235.688392
61 74 1397.598790
61 75 1535.339990
61 76 226.083793
61 77 759.941104
61 78 162.735589
61 79 1733.791138
61 80 976.829807
62 63 8.904546
62 64 40.577615
62 65 51.564900
62 66 115.657693
62 67 75.703590
62 68 163.164969
62 69 62.979548
62 70 35.757599
62 71 15.330212
62 72 10.815426
62 73 31.316825
62 74 185.713294
62 75 204.010498
62 76 30.044934
62 77 100.978974
62 78 21.624658
62 79 230.379057
62 80 129.799693
63 64 7.366465
63 65 9.354670
63 66 20.971860
63 67 13.727110
63 68 29.584522
63 69 11.422575
63 70 6.491703
63 71 2.796751
63 72 1.973399
63 73 5.682210
63 74 33.675439
63 75 36.989678
63 76 5.457335
63 77 18.308927
63 78 3.922384
63 79 41.766160
63 80 23.536366
64 65 42.629776
64 66 95.612907
64 67 62.591108
64 68 134.883543
64 69 52.065070
64 70 29.572880
64 71 12.680699
64 72 8.948889
64 73 25.896553
64 74 153.523107
64 75 168.649397
64 76 24.848548
64 77 83.472089
64 78 17.880981
64 79 190.441376
64 80 107.304485
65 66 121.499405
65 67 79.528148
65 68 171.404387
65 69 66.160330
65 70 37.567064
65 71 16.103504
65 72 11.366125
65 73 32.900788
65 74 195.086974
65 75 214.312720
65 76 31.566074
65 77 106.078635
65 78 22.716849
65 79 242.009941
65 80 136.355218
66 67 178.380675
66 68 384.468538
66 69 148.394838
66 70 84.256915
66 71 36.106420
66 72 25.478678
66 73 73.795198
66 74 437.591307
66 75 480.714990
66 76 70.792688
66 77 237.936888
66 78 50.955437
66 79 542.846842
66 80 305.848627
67 68 251.652185
67 69 97.132752
67 70 55.154422
67 71 23.638565
67 72 16.681249
67 73 48.306673
67 74 286.424746
67 75 314.649935
67 76 46.343374
67 77 155.739881
67 78 33.354361
67 79 355.315071
67 80 200.193461
68 69 209.349106
68 70 118.864375
68 71 50.932786
68 72 35.939519
68 73 104.106984
68 74 617.335425
68 75 678.175570
68 76 99.869645
68 77 335.673049
68 78 71.882311
68 79 765.830392
68 80 431.478837
69 70 45.880962
69 71 19.663084
69 72 13.877387
69 73 40.179013
69 74 238.276178
69 75 261.758067
69 76 38.550662
69 77 129.560211
69 78 27.745298
69 79 295.587969
69 80 166.542874
70 71 11.172379
70 72 7.885561
70 73 22.822116
70 74 135.286863
70 75 148.619259
70 76 21.892940
70 77 73.560257
70 78 15.757780
70 79 167.825330
70 80 94.560192
71 72 3.409943
71 73 9.772572
71 74 57.985146
71 75 63.686476
71 76 9.391208
71 77 31.520699
71 78 6.756206
71 79 71.913125
71 80 40.523628
72 73 6.898499
72 74 40.916110
72 75 44.939643
72 76 6.629948
72 77 22.243012
72 78 4.769916
72 79 50.742171
72 80 28.596932
73 74 118.493756
73 75 130.168392
73 76 19.170617
73 77 64.430639
73 78 13.798296
73 79 146.992797
73 80 82.815652
74 75 771.880706
74 76 113.676311
74 77 382.052575
74 78 81.815592
74 79 871.647548
74 80 491.099559
75 76 124.870074
75 77 419.707106
75 78 89.878527
75 79 957.552819
75 80 539.496915
76 77 61.804958
76 78 13.240056
76 79 141.004828
76 80 79.449014
77 78 44.485659
77 79 473.956054
77 80 267.030366
78 79 101.495103
78 80 57.184625
79 80 609.225011
