3.000000
0.100000
-0.900000
0.070000
70
20811.441427
1788.951177
6404.845907
16896.910081
7469.016590
1174.996050
14298.350795
5291.567994
3298.342453
20200.306444
29002.630110
10419.767062
24329.789959
34676.745200
11542.156678
31693.424353
6561.464644
19002.301285
2564.440858
15940.433944
6221.137999
43823.991883
39482.107466
20016.975842
11450.716844
6898.893606
54078.027106
6473.208570
13784.911226
36204.018218
7525.985460
28873.014390
7908.152008
9595.249800
14304.529418
6848.633161
33203.734539
2622.255917
24942.780596
23238.591285
3718.538273
4350.120130
4600.401668
17449.262156
12944.177030
5756.641320
3627.208205
11746.723913
2750.600773
4064.098333
3178.532761
69942.098483
11754.402488
52279.478994
26613.469844
27592.942747
7885.492488
26870.146082
4382.397505
5903.877128
31543.739360
4973.729046
9827.708372
22559.150085
12581.726104
16690.113803
7328.533549
20517.818801
8804.482161
8359.064319
1 2 35.388339
1 3 126.702499
1 4 334.264629
1 5 147.746379
1 6 23.241796
1 7 282.855505
1 8 104.678352
1 9 65.248451
1 10 399.612897
1 11 573.748363
1 12 206.129255
1 13 481.307117
1 14 685.997610
1 15 228.333643
1 16 626.976211
1 17 129.800703
1 18 375.915881
1 19 50.731328
1 20 315.341965
1 21 123.066433
1 22 866.948802
1 23 781.058794
1 24 395.988446
1 25 226.524756
1 26 136.476874
1 27 1069.804418
1 28 128.055620
1 29 272.702197
1 30 716.211370
1 31 148.879509
1 32 571.182270
1 33 156.443459
1 34 189.814808
1 35 282.979604
1 36 135.483102
1 37 656.856300
1 38 51.871044
1 39 493.435644
1 40 459.721301
1 41 73.562143
1 42 86.053953
1 43 91.005332
1 44 345.191920
1 45 256.070511
1 46 113.872244
1 47 71.754712
1 48 232.379445
1 49 54.411127
1 50 80.396499
1 51 62.873223
1 52 1383.638360
1 53 232.531256
1 54 1034.225957
1 55 526.482676
1 56 545.861073
1 57 155.994548
1 58 531.562696
1 59 86.684628
1 60 116.794329
1 61 624.017740
1 62 98.392312
1 63 194.418213
1 64 446.278915
1 65 248.899738
1 66 330.165066
1 67 144.972284
1 68 405.896643
1 69 174.175304
1 70 165.363086
2 3 10.892188
2 4 28.732635
2 5 12.704348
2 6 1.999701
2 7 24.314810
2 8 8.999974
2 9 5.610623
2 10 34.349409
2 11 49.315289
2 12 17.719772
2 13 41.371919
2 14 58.963250
2 15 19.626205
2 16 53.892960
2 17 11.159883
2 18 32.310943
2 19 4.361989
2 20 27.106333
2 21 10.580842
2 22 74.519777
2 23 67.134887
2 24 34.036781
2 25 19.472160
2 26 11.732341
2 27 91.951980
2 28 11.008933
2 29 23.441274
2 30 61.559686
2 31 12.801934
2 32 49.095598
2 33 13.449473
2 34 16.321632
2 35 24.325736
2 36 11.647805
2 37 56.459360
2 38 4.462956
2 39 42.411664
2 40 39.514737
2 41 6.324003
2 42 7.400626
2 43 7.827497
2 44 29.671076
2 45 22.010152
2 46 9.792807
2 47 6.172427
2 48 19.978586
2 49 4.679007
2 50 6.915260
2 51 5.409795
2 52 118.924425
2 53 19.990622
2 54 88.893187
2 55 45.253911
2 56 46.917755
2 57 13.412672
2 58 45.690209
2 59 7.458146
2 60 10.039079
2 61 53.635382
2 62 8.460158
2 63 16.711009
2 64 38.358554
2 65 21.395387
2 66 28.384296
2 67 12.467414
2 68 34.887551
2 69 14.972745
2 70 14.215287
3 4 102.871061
3 5 45.472492
3 6 7.155484
3 7 87.050346
3 8 32.217527
3 9 20.081804
3 10 122.982123
3 11 176.572031
3 12 63.437235
3 13 148.123881
3 14 211.115999
3 15 70.269421
3 16 192.953117
3 17 39.948620
3 18 115.689431
3 19 15.613373
3 20 97.047730
3 21 37.874233
3 22 266.804413
3 23 240.370601
3 24 121.867205
3 25 69.714962
3 26 42.002023
3 27 329.231725
3 28 39.411008
3 29 83.924721
3 30 220.414190
3 31 45.816944
3 32 175.779842
3 33 48.147185
3 34 58.418565
3 35 87.088200
3 36 41.696814
3 37 202.147358
3 38 15.968243
3 39 151.855416
3 40 141.477988
3 41 22.640208
3 42 26.483703
3 43 28.010255
3 44 106.233141
3 45 78.806331
3 46 35.047877
3 47 22.085660
3 48 71.516723
3 49 16.747766
3 50 24.744714
3 51 19.356180
3 52 425.812712
3 53 71.563425
3 54 318.282249
3 55 162.026380
3 56 167.987615
3 57 48.009261
3 58 163.587543
3 59 26.680863
3 60 35.943422
3 61 192.041560
3 62 30.282530
3 63 59.832135
3 64 137.343550
3 65 76.599795
3 66 101.613677
3 67 44.619517
3 68 124.913586
3 69 53.604139
3 70 50.892197
4 5 119.956548
4 6 18.870711
4 7 229.652659
4 8 84.988861
4 9 52.975979
4 10 324.448549
4 11 465.829006
4 12 167.357641
4 13 390.774049
4 14 556.963866
4 15 185.385275
4 16 509.045186
4 17 105.386870
4 18 305.207663
4 19 41.189072
4 20 256.028001
4 21 99.917795
4 22 703.878613
4 23 634.145287
4 24 321.504601
4 25 183.916002
4 26 110.806566
4 27 868.579399
4 28 103.969590
4 29 221.407332
4 30 581.494804
4 31 120.876003
4 32 463.746668
4 33 127.017037
4 34 154.111148
4 35 229.752844
4 36 109.999330
4 37 533.305230
4 38 42.115673
4 39 400.621631
4 40 373.248251
4 41 59.725302
4 42 69.868333
4 43 73.887690
4 44 280.263203
4 45 207.904838
4 46 92.454683
4 47 58.257127
4 48 188.669387
4 49 44.177398
4 50 65.274852
4 51 51.046999
4 52 1123.381630
4 53 188.792737
4 54 839.692544
4 55 427.453474
4 56 443.186715
4 57 126.652386
4 58 431.577071
4 59 70.379141
4 60 94.825561
4 61 506.642764
4 62 79.885218
4 63 157.848779
4 64 362.336139
4 65 202.082074
4 66 268.064982
4 67 117.703804
4 68 329.548773
4 69 141.413241
4 70 134.259613
5 6 8.356417
5 7 101.518964
5 8 37.575631
5 9 23.421396
5 10 143.411257
5 11 205.893392
5 12 73.975094
5 13 172.722752
5 14 246.173404
5 15 81.938837
5 16 225.007992
5 17 46.591041
5 18 134.898928
5 19 18.207405
5 20 113.170942
5 21 44.164821
5 22 311.129817
5 23 280.291552
5 24 142.103825
5 25 81.293661
5 26 48.979805
5 27 383.905450
5 28 45.961743
5 29 97.862706
5 30 257.012189
5 31 53.436822
5 32 204.971772
5 33 56.147658
5 34 68.144110
5 35 101.552046
5 36 48.626003
5 37 235.718817
5 38 18.635822
5 39 177.070249
5 40 164.969517
5 41 26.399486
5 42 30.893884
5 43 32.675097
5 44 123.876330
5 45 91.891332
5 46 40.920169
5 47 25.764770
5 48 83.395851
5 49 19.534708
5 50 28.858078
5 51 22.604631
5 52 496.521589
5 53 83.459040
5 54 371.130685
5 55 188.931749
5 56 195.883350
5 57 55.992706
5 58 190.754413
5 59 31.129206
5 60 41.911924
5 61 223.931324
5 62 35.316308
5 63 69.766925
5 64 160.148163
5 65 89.321728
5 66 118.524931
5 67 52.065376
5 68 145.656570
5 69 62.506272
5 70 59.348048
6 7 15.969773
6 8 5.913162
6 9 3.686092
6 10 22.560775
6 11 32.387881
6 12 11.637721
6 13 27.171810
6 14 38.723147
6 15 12.889919
6 16 35.395902
6 17 7.331582
6 18 21.220068
6 19 2.864889
6 20 17.802579
6 21 6.945627
6 22 48.939915
6 23 44.089290
6 24 22.353527
6 25 12.788634
6 26 7.706715
6 27 60.387008
6 28 7.231848
6 29 15.395061
6 30 40.427614
6 31 8.407482
6 32 32.241329
6 33 8.834413
6 34 10.721863
6 35 15.975857
6 36 7.652364
6 37 37.079534
6 38 2.933887
6 39 27.853246
6 40 25.950532
6 41 4.153656
6 42 4.861174
6 43 5.141247
6 44 19.486969
6 45 14.454964
6 46 6.437467
6 47 4.056896
6 48 13.121593
6 49 3.077140
6 50 4.542489
6 51 3.558894
6 52 78.101456
6 53 13.130289
6 54 58.377729
6 55 29.721861
6 56 30.811396
6 57 8.810220
6 58 30.004640
6 59 4.905629
6 60 6.594089
6 61 35.224589
6 62 5.559000
6 63 10.973692
6 64 25.191428
6 65 14.052237
6 66 18.648159
6 67 8.192718
6 68 22.910960
6 69 9.834645
6 70 9.337787
7 8 71.919488
7 9 44.829794
7 10 274.550875
7 11 394.186224
7 12 141.618370
7 13 330.674903
7 14 471.303608
7 15 156.874170
7 16 430.758634
7 17 89.180555
7 18 258.266763
7 19 34.854586
7 20 216.653910
7 21 84.549660
7 22 595.629722
7 23 536.615466
7 24 272.057719
7 25 155.631555
7 26 93.765660
7 27 734.993821
7 28 87.981363
7 29 187.356197
7 30 492.060857
7 31 102.289749
7 32 392.423947
7 33 107.483886
7 34 130.416850
7 35 194.419246
7 36 93.083937
7 37 451.284148
7 38 35.641684
7 39 339.005835
7 40 315.843297
7 41 50.540001
7 42 59.123089
7 43 62.526882
7 44 237.159570
7 45 175.928806
7 46 78.243328
7 47 49.300435
7 48 159.653896
7 49 37.384471
7 50 55.237484
7 51 43.203655
7 52 950.606513
7 53 159.759950
7 54 710.547719
7 55 361.712773
7 56 375.024902
7 57 107.175548
7 58 365.202367
7 59 59.560007
7 60 80.241934
7 61 428.721715
7 62 67.601487
7 63 133.571594
7 64 306.608990
7 65 171.003386
7 66 226.841382
7 67 99.609528
7 68 278.864567
7 69 119.664826
7 70 113.612434
8 9 16.592651
8 10 101.605009
8 11 145.876620
8 12 52.410963
8 13 122.376180
8 14 174.416181
8 15 58.054787
8 16 159.412488
8 17 33.006207
8 18 95.576477
8 19 12.898811
8 20 80.178626
8 21 31.289919
8 22 220.424894
8 23 198.585128
8 24 100.680993
8 25 57.595852
8 26 34.701967
8 27 271.998703
8 28 32.561745
8 29 69.335650
8 30 182.096181
8 31 37.855594
8 32 145.224181
8 33 39.778679
8 34 48.268091
8 35 71.950579
8 36 34.450204
8 37 167.007128
8 38 13.192425
8 39 125.454736
8 40 116.885587
8 41 18.704265
8 42 21.882903
8 43 23.143310
8 44 87.766548
8 45 65.105880
8 46 28.958531
8 47 18.249622
8 48 59.089463
8 49 13.839014
8 50 20.444503
8 51 15.994996
8 52 351.790240
8 53 59.124293
8 54 262.950644
8 55 133.860193
8 56 138.785488
8 57 39.665094
8 58 135.149235
8 59 22.045769
8 60 29.695628
8 61 158.656216
8 62 25.020842
8 63 49.430865
8 64 113.466861
8 65 63.284722
8 66 83.953319
8 67 36.865569
8 68 103.199126
8 69 44.286158
8 70 42.046638
9 10 63.333474
9 11 90.928665
9 12 32.669751
9 13 76.279130
9 14 108.717640
9 15 36.187016
9 16 99.365494
9 17 20.575265
9 18 59.575721
9 19 8.040607
9 20 49.977696
9 21 19.505405
9 22 137.398034
9 23 123.782845
9 24 62.756965
9 25 35.900998
9 26 21.630698
9 27 169.542908
9 28 20.297232
9 29 43.219293
9 30 113.504908
9 31 23.595873
9 32 90.520918
9 33 24.796461
9 34 30.087902
9 35 44.849215
9 36 21.474495
9 37 104.099854
9 38 8.224714
9 39 78.200398
9 40 72.856492
9 41 11.658868
9 42 13.641501
9 43 14.426398
9 44 54.707551
9 45 40.582161
9 46 18.050790
9 47 11.375916
9 48 36.830739
9 49 8.625548
9 50 12.745777
9 51 9.969885
9 52 219.277685
9 53 36.855388
9 54 163.903034
9 55 83.439452
9 56 86.507851
9 57 24.726731
9 58 84.243214
9 59 13.743039
9 60 18.509675
9 61 98.894307
9 62 15.596089
9 63 30.811199
9 64 70.726290
9 65 39.447344
9 66 52.330690
9 67 22.980625
9 68 64.326135
9 69 27.605321
9 70 26.209308
10 11 556.897834
10 12 200.076064
10 13 467.170621
10 14 665.850264
10 15 221.628279
10 16 608.563976
10 17 125.992036
10 18 364.875203
10 19 49.241093
10 20 306.082252
10 21 119.450840
10 22 841.489719
10 23 758.120824
10 24 384.358098
10 25 219.872751
10 26 132.470804
10 27 1038.386715
10 28 124.297744
10 29 264.692103
10 30 695.175885
10 31 144.507143
10 32 554.408737
10 33 151.850923
10 34 184.242953
10 35 274.669626
10 36 131.506399
10 37 637.566052
10 38 50.349578
10 39 478.942686
10 40 446.218326
10 41 71.401566
10 42 83.527236
10 43 88.334913
10 44 335.055028
10 45 248.549576
10 46 110.531802
10 47 69.647106
10 48 225.554263
10 49 52.814468
10 50 78.036698
10 51 61.028699
10 52 1343.002292
10 53 225.702381
10 54 1003.850884
10 55 511.021035
10 56 529.829036
10 57 151.413012
10 58 515.949687
10 59 84.140518
10 60 113.364208
10 61 605.690584
10 62 95.503255
10 63 188.708047
10 64 433.171990
10 65 241.590359
10 66 320.474452
10 67 140.717036
10 68 393.975405
10 69 169.059769
10 70 160.509093
11 12 287.259384
11 13 670.745114
11 14 956.001931
11 15 318.204783
11 16 873.750172
11 17 180.888155
11 18 523.873850
11 19 70.698315
11 20 439.458433
11 21 171.501432
11 22 1208.173816
11 23 1088.479315
11 24 551.846270
11 25 315.682336
11 26 190.192159
11 27 1490.874860
11 28 178.456477
11 29 380.034018
11 30 998.108099
11 31 207.476521
11 32 795.998518
11 33 218.016615
11 34 264.521980
11 35 394.358877
11 36 188.806474
11 37 915.391277
11 38 72.285315
11 39 687.646931
11 40 640.663495
11 41 102.515269
11 42 119.921570
11 43 126.822416
11 44 481.056934
11 45 356.858190
11 46 158.691705
11 47 99.991847
11 48 323.839986
11 49 75.826387
11 50 112.037117
11 51 87.616431
11 52 1928.232319
11 53 324.050834
11 54 1441.292445
11 55 733.702654
11 56 760.709008
11 57 217.389955
11 58 740.781126
11 59 120.799199
11 60 162.763404
11 61 869.628309
11 62 137.116225
11 63 270.940053
11 64 621.932092
11 65 346.863406
11 66 460.114545
11 67 202.027957
11 68 565.654948
11 69 242.727991
11 70 230.448181
12 13 240.977235
12 14 343.460191
12 15 114.320348
12 16 313.909997
12 17 64.989653
12 18 188.210858
12 19 25.400147
12 20 157.884062
12 21 61.614982
12 22 434.056933
12 23 391.054362
12 24 198.260309
12 25 113.415702
12 26 68.330858
12 27 535.621131
12 28 64.115287
12 29 136.534431
12 30 358.586936
12 31 74.541320
12 32 285.977129
12 33 78.327964
12 34 95.037571
12 35 141.681087
12 36 67.833774
12 37 328.870235
12 38 25.972218
12 39 247.049259
12 40 230.169459
12 41 36.831122
12 42 43.086697
12 43 45.566019
12 44 172.828545
12 45 128.207798
12 46 57.015502
12 47 35.927499
12 48 116.346201
12 49 27.243141
12 50 40.253658
12 51 31.480573
12 52 692.747992
12 53 116.422008
12 54 517.807993
12 55 263.594954
12 56 273.297096
12 57 78.102546
12 58 266.140870
12 59 43.407978
12 60 58.475733
12 61 312.428353
12 62 49.262612
12 63 97.339566
12 64 223.439852
12 65 124.617616
12 66 165.308157
12 67 72.585993
12 68 203.220737
12 69 87.205291
12 70 82.793611
13 14 801.970223
13 15 266.936457
13 16 732.971505
13 17 151.744820
13 18 439.466461
13 19 59.307794
13 20 368.652987
13 21 143.871846
13 22 1013.512482
13 23 913.102307
13 24 462.932236
13 25 264.821402
13 26 159.549643
13 27 1250.662825
13 28 149.705563
13 29 318.804045
13 30 837.291221
13 31 174.049631
13 32 667.745862
13 33 182.892106
13 34 221.904939
13 35 330.821722
13 36 158.388657
13 37 767.902497
13 38 60.638980
13 39 576.853291
13 40 537.439393
13 41 85.998559
13 42 100.600675
13 43 106.389463
13 44 403.548967
13 45 299.361082
13 46 133.124526
13 47 83.885123
13 48 271.665663
13 49 63.609127
13 50 93.988095
13 51 73.501686
13 52 1617.552501
13 53 271.841285
13 54 1209.068914
13 55 615.488346
13 56 638.142465
13 57 182.366444
13 58 621.425730
13 59 101.335927
13 60 136.539451
13 61 729.512159
13 62 115.026572
13 63 227.285717
13 64 521.725425
13 65 290.978622
13 66 385.982407
13 67 169.478633
13 68 474.516023
13 69 203.620898
13 70 193.319984
14 15 380.458868
14 16 1044.691153
14 17 216.276539
14 18 626.365720
14 19 84.528867
14 20 525.434205
14 21 205.053765
14 22 1444.543421
14 23 1301.432326
14 24 659.810745
14 25 377.442839
14 26 227.402182
14 27 1782.553492
14 28 213.369496
14 29 454.384065
14 30 1193.380575
14 31 248.066583
14 32 951.730265
14 33 260.669356
14 34 316.272699
14 35 471.511378
14 36 225.744264
14 37 1094.480587
14 38 86.424846
14 39 822.180267
14 40 766.005149
14 41 122.571080
14 42 143.382444
14 43 151.632121
14 44 575.171637
14 45 426.674699
14 46 189.736479
14 47 119.553474
14 48 387.195415
14 49 90.659084
14 50 133.956172
14 51 104.756453
14 52 2305.477581
14 53 387.447890
14 54 1723.271333
14 55 877.247021
14 56 909.536397
14 57 259.920391
14 58 885.709854
14 59 144.432048
14 60 194.607273
14 61 1039.764714
14 62 163.942053
14 63 323.948166
14 64 743.608295
14 65 414.724172
14 66 550.134619
14 67 241.551289
14 68 676.321474
14 69 290.215076
14 70 275.532929
15 16 347.725094
15 17 71.988596
15 18 208.484952
15 19 28.135718
15 20 174.891103
15 21 68.255072
15 22 480.815593
15 23 433.180525
15 24 219.617547
15 25 125.632002
15 26 75.691134
15 27 593.321725
15 28 71.020504
15 29 151.241648
15 30 397.215807
15 31 82.570082
15 32 316.783781
15 33 86.764105
15 34 105.272157
15 35 156.943093
15 36 75.139535
15 37 364.297170
15 38 28.767443
15 39 273.661939
15 40 254.965187
15 41 40.797539
15 42 47.726632
15 43 50.471319
15 44 191.445558
15 45 142.018323
15 46 63.153683
15 47 39.793893
15 48 128.878234
15 49 30.176595
15 50 44.587958
15 51 34.868293
15 52 767.376410
15 53 128.962358
15 54 573.589555
15 55 291.990775
15 56 302.738678
15 57 86.513601
15 58 294.807887
15 59 48.070817
15 60 64.775540
15 61 346.084677
15 62 54.568392
15 63 107.825746
15 64 247.509495
15 65 138.041260
15 66 183.111331
15 67 80.400854
15 68 225.113568
15 69 96.598140
15 70 91.711432
16 17 197.671784
16 18 572.474024
16 19 77.256841
16 20 480.229635
16 21 187.413182
16 22 1320.264233
16 23 1189.460809
16 24 603.042140
16 25 344.969365
16 26 207.838561
16 27 1629.186806
16 28 195.013900
16 29 415.291146
16 30 1090.703189
16 31 226.727950
16 32 869.845637
16 33 238.243903
16 34 289.069568
16 35 430.945873
16 36 206.324250
16 37 1000.315052
16 38 78.992600
16 39 751.439937
16 40 700.098817
16 41 112.025457
16 42 131.049040
16 43 138.590875
16 44 525.686052
16 45 389.963925
16 46 173.422564
16 47 109.271029
16 48 353.885531
16 49 82.861506
16 50 122.433044
16 51 95.752507
16 52 2107.117513
16 53 354.118087
16 54 1575.002822
16 55 801.771047
16 56 831.281175
16 57 237.560356
16 58 809.505194
16 59 132.008603
16 60 177.863820
16 61 950.305143
16 62 149.839171
16 63 296.075691
16 64 679.629453
16 65 379.043490
16 66 502.809290
16 67 220.778390
16 68 618.132033
16 69 265.246479
16 70 251.828608
17 18 118.516252
17 19 15.995212
17 20 99.421560
17 21 38.800063
17 22 273.329682
17 23 246.247172
17 24 124.844924
17 25 71.420011
17 26 43.030504
17 27 337.280393
17 28 40.377301
17 29 85.977341
17 30 225.800759
17 31 46.939713
17 32 180.078157
17 33 49.326969
17 34 59.849651
17 35 89.218165
17 36 42.719070
17 37 207.090052
17 38 16.359078
17 39 155.566946
17 40 144.936854
17 41 23.193085
17 42 27.134433
17 43 28.697128
17 44 108.831436
17 45 80.732143
17 46 35.908853
17 47 22.627301
17 48 73.265940
17 49 17.157420
17 50 25.350717
17 51 19.829425
17 52 436.221165
17 53 73.314948
17 54 326.061206
17 55 165.986814
17 56 172.094189
17 57 49.184218
17 58 167.587106
17 59 27.334319
17 60 36.822160
17 61 196.734782
17 62 31.024328
17 63 61.294283
17 64 140.699562
17 65 78.473592
17 66 104.099383
17 67 45.711398
17 68 127.967387
17 69 54.914844
17 70 52.138586
18 19 46.321569
18 20 287.929824
18 21 112.365588
18 22 791.585598
18 23 713.164369
18 24 361.567945
18 25 206.832269
18 26 124.612704
18 27 976.811346
18 28 116.922546
18 29 248.995331
18 30 653.955993
18 31 135.936444
18 32 521.532618
18 33 142.842284
18 34 173.310913
18 35 258.380596
18 36 123.703527
18 37 599.758429
18 38 47.360245
18 39 450.541609
18 40 419.758084
18 41 67.168330
18 42 78.570953
18 43 83.091669
18 44 315.185276
18 45 233.811909
18 46 103.971578
18 47 65.513089
18 48 212.176374
18 49 49.679700
18 50 73.405415
18 51 57.404309
18 52 1263.365087
18 53 212.315241
18 54 944.327519
18 55 480.717904
18 56 498.411348
18 57 142.432333
18 58 485.355699
18 59 79.147136
18 60 106.641662
18 61 569.776031
18 62 89.837309
18 63 177.518379
18 64 407.487957
18 65 227.262085
18 66 301.465182
18 67 132.365452
18 68 370.613330
18 69 159.033056
18 70 150.987570
19 20 38.857433
19 21 15.164566
19 22 106.826229
19 23 96.242475
19 24 48.795129
19 25 27.913049
19 26 16.817426
19 27 131.821928
19 28 15.780022
19 29 33.602933
19 30 88.252708
19 31 18.345541
19 32 70.381896
19 33 19.277831
19 34 23.390174
19 35 34.870025
19 36 16.695432
19 37 80.938626
19 38 6.393283
19 39 60.801652
19 40 56.647044
19 41 9.065926
19 42 10.604758
19 43 11.214634
19 44 42.535366
19 45 31.553915
19 46 14.032714
19 47 8.843042
19 48 28.634076
19 49 6.705822
19 50 9.907481
19 51 7.748115
19 52 170.491793
19 53 28.653444
19 54 127.438190
19 55 64.873368
19 56 67.261002
19 57 19.222662
19 58 65.499902
19 59 10.682733
19 60 14.391685
19 61 76.892449
19 62 12.125041
19 63 23.956124
19 64 54.991551
19 65 30.670262
19 66 40.682650
19 67 17.863733
19 68 50.014511
19 69 21.462933
19 70 20.376916
20 21 94.259183
20 22 664.035735
20 23 598.247104
20 24 303.304153
20 25 173.505082
20 26 104.534093
20 27 819.409816
20 28 98.084300
20 29 208.873453
20 30 548.576254
20 31 114.033571
20 32 437.494866
20 33 119.827063
20 34 145.390514
20 35 216.747490
20 36 103.773055
20 37 503.115325
20 38 39.731520
20 39 377.941462
20 40 352.118852
20 41 56.344627
20 42 65.911857
20 43 69.705800
20 44 264.397696
20 45 196.134914
20 46 87.223655
20 47 54.959466
20 48 177.987994
20 49 41.677246
20 50 61.579565
20 51 48.160598
20 52 1059.787360
20 53 178.106671
20 54 792.157241
20 55 403.255503
20 56 418.098123
20 57 119.483065
20 58 407.146185
20 59 66.392990
20 60 89.457807
20 61 477.962009
20 62 75.363546
20 63 148.912990
20 64 341.824232
20 65 190.642784
20 66 252.892635
20 67 111.043507
20 68 310.893305
20 69 133.407819
20 70 126.659695
21 22 259.146157
21 23 233.469231
21 24 118.367098
21 25 67.713006
21 26 40.795906
21 27 319.778789
21 28 38.279573
21 29 81.515370
21 30 214.084544
21 31 44.511032
21 32 170.734269
21 33 46.766066
21 34 56.742056
21 35 84.588190
21 36 40.500076
21 37 196.343506
21 38 15.503532
21 39 147.496415
21 40 137.420128
21 41 21.989007
21 42 25.731359
21 43 27.204150
21 44 103.183451
21 45 76.542822
21 46 34.039262
21 47 21.450857
21 48 69.467238
21 49 16.264885
21 50 24.034338
21 51 18.797238
21 52 413.587075
21 53 69.507512
21 54 309.145842
21 55 157.372173
21 56 163.166296
21 57 46.625672
21 58 158.893169
21 59 25.911982
21 60 34.912542
21 61 186.526617
21 62 29.409323
21 63 58.115816
21 64 133.399754
21 65 74.401182
21 66 98.690695
21 67 43.333313
21 68 121.330258
21 69 52.063471
21 70 49.429779
22 23 1644.722287
22 24 833.853910
22 25 477.003804
22 26 287.388171
22 27 2252.751926
22 28 269.654212
22 29 574.241515
22 30 1508.165553
22 31 313.506106
22 32 1202.773306
22 33 329.430269
22 34 399.710083
22 35 595.887722
22 36 285.292840
22 37 1383.180504
22 38 109.227490
22 39 1039.050683
22 40 968.059322
22 41 154.902620
22 42 181.205600
22 43 191.634080
22 44 726.889774
22 45 539.220354
22 46 239.797996
22 47 151.094215
22 48 489.330217
22 49 114.574855
22 50 169.294834
22 51 132.402681
22 52 2913.608539
22 53 489.653770
22 54 2177.829208
22 55 1108.644760
22 56 1149.451596
22 57 328.484550
22 58 1119.339662
22 59 182.535982
22 60 245.940955
22 61 1314.030905
22 62 207.188989
22 63 409.397293
22 64 939.754951
22 65 524.120586
22 66 695.260399
22 67 305.282441
22 68 854.719738
22 69 366.767941
22 70 348.214432
23 24 751.243866
23 25 429.746454
23 26 258.914279
23 27 2029.571249
23 28 242.936382
23 29 517.350015
23 30 1358.753319
23 31 282.443621
23 32 1083.616613
23 33 296.790908
23 34 360.100105
23 35 536.850422
23 36 257.025737
23 37 1246.149101
23 38 98.401431
23 39 936.112840
23 40 872.154235
23 41 139.556300
23 42 163.252163
23 43 172.645447
23 44 654.876341
23 45 485.801302
23 46 216.032335
23 47 136.120545
23 48 440.850444
23 49 103.221911
23 50 152.518820
23 51 119.273623
23 52 2624.958951
23 53 441.139123
23 54 1962.073776
23 55 998.811517
23 56 1035.575842
23 57 295.939572
23 58 1008.447364
23 59 164.445067
23 60 221.574985
23 61 1183.850668
23 62 186.658765
23 63 368.838953
23 64 846.653662
23 65 472.193927
23 66 626.371762
23 67 275.027981
23 68 770.042921
23 69 330.430829
23 70 313.714466
24 25 217.877018
24 26 131.266619
24 27 1028.968032
24 28 123.166285
24 29 262.291166
24 30 688.873522
24 31 143.195020
24 32 549.379873
24 33 150.469883
24 34 182.566207
24 35 272.177502
24 36 130.309678
24 37 631.782600
24 38 49.890429
24 39 474.598461
24 40 442.171207
24 41 70.754889
24 42 82.767011
24 43 87.529458
24 44 332.014756
24 45 246.296303
24 46 109.525006
24 47 69.012474
24 48 223.506612
24 49 52.333257
24 50 77.325947
24 51 60.470525
24 52 1330.822119
24 53 223.652351
24 54 994.749018
24 55 506.385921
24 56 525.023885
24 57 150.038056
24 58 511.271013
24 59 83.374272
24 60 112.335815
24 61 600.198961
24 62 94.635351
24 63 186.996855
24 64 429.245360
24 65 239.397074
24 66 317.562959
24 67 139.434885
24 68 390.402369
24 69 167.525343
24 70 159.050097
25 26 75.092070
25 27 588.616554
25 28 70.460025
25 29 150.043855
25 30 394.065838
25 31 81.915070
25 32 314.269500
25 33 86.078664
25 34 104.440812
25 35 155.700074
25 36 74.546375
25 37 361.408582
25 38 28.541601
25 39 271.492714
25 40 252.943690
25 41 40.475396
25 42 47.348781
25 43 50.074591
25 44 189.928786
25 45 140.892830
25 46 62.655021
25 47 39.482066
25 48 127.858149
25 49 29.937881
25 50 44.236499
25 51 34.593833
25 52 761.289711
25 53 127.941742
25 54 569.040636
25 55 289.676190
25 56 300.337231
25 57 85.828827
25 58 292.469858
25 59 47.695832
25 60 64.261431
25 61 343.340276
25 62 54.138076
25 63 106.970283
25 64 245.546789
25 65 136.948124
25 66 181.662441
25 67 79.766576
25 68 223.327698
25 69 95.833920
25 70 90.986388
26 27 354.630972
26 28 42.452271
26 29 90.398590
26 30 237.416612
26 31 49.353432
26 32 189.341277
26 33 51.862160
26 34 62.925113
26 35 93.806515
26 36 44.914388
26 37 217.742339
26 38 17.197451
26 39 163.569669
26 40 152.393681
26 41 24.385402
26 42 28.527774
26 43 30.170339
26 44 114.428885
26 45 84.884960
26 46 37.751291
26 47 23.787823
26 48 77.033239
26 49 18.038456
26 50 26.652564
26 51 20.845068
26 52 458.662553
26 53 77.083532
26 54 342.835120
26 55 174.524951
26 56 180.947386
26 57 51.712195
26 58 176.207600
26 59 28.738159
26 60 38.716493
26 61 206.855620
26 62 32.618556
26 63 64.447329
26 64 147.937112
26 65 82.509416
26 66 109.450222
26 67 48.059295
26 68 134.550592
26 69 57.738518
26 70 54.818703
27 28 332.745960
27 29 708.606613
27 30 1861.065552
27 31 386.858157
27 32 1484.213900
27 33 406.509566
27 34 493.222059
27 35 735.316420
27 36 352.043999
27 37 1706.832104
27 38 134.778868
27 39 1282.180423
27 40 1194.576581
27 41 191.148097
27 42 223.603138
27 43 236.468791
27 44 896.974594
27 45 665.395016
27 46 295.891864
27 47 186.439971
27 48 603.826183
27 49 141.381273
27 50 208.901890
27 51 163.365622
27 52 3595.370072
27 53 604.220426
27 54 2687.425196
27 55 1368.057515
27 56 1418.413523
27 57 405.342282
27 58 1381.255732
27 59 225.236772
27 60 303.488098
27 61 1621.503704
27 62 255.663149
27 63 505.193330
27 64 1159.650093
27 65 646.757259
27 66 857.929208
27 67 376.698773
27 68 1054.717246
27 69 452.585963
27 70 429.689539
28 29 84.821540
28 30 222.764984
28 31 46.308531
28 32 177.656644
28 33 48.664845
28 34 59.044734
28 35 88.019275
28 36 42.145944
28 37 204.305511
28 38 16.137888
28 39 153.475886
28 40 142.988617
28 41 22.881145
28 42 26.768161
28 43 28.310246
28 44 107.368109
28 45 79.646494
28 46 35.422248
28 47 22.322876
28 48 72.280866
28 49 16.926277
28 50 25.009840
28 51 19.560804
28 52 430.356867
28 53 72.328647
28 54 321.677526
28 55 163.754417
28 56 169.780467
28 57 48.521973
28 58 165.333505
28 59 26.964668
28 60 36.327181
28 61 194.089633
28 62 30.607091
28 63 60.470161
28 64 138.807714
28 65 77.419258
28 66 102.697100
28 67 45.095546
28 68 126.247129
28 69 54.176606
28 70 51.438134
29 30 474.396787
29 31 98.614899
29 32 378.334388
29 33 103.624385
29 34 125.727464
29 35 187.438652
29 36 89.740824
29 37 435.082399
29 38 34.358530
29 39 326.836487
29 40 304.505136
29 41 48.725683
29 42 56.999988
29 43 60.279894
29 44 228.645115
29 45 169.613646
29 46 75.426997
29 47 47.528708
29 48 153.921151
29 49 36.040862
29 50 53.253626
29 51 41.646813
29 52 916.480304
29 53 154.021323
29 54 685.039840
29 55 348.726577
29 56 361.561727
29 57 103.325797
29 58 352.090529
29 59 57.416826
29 60 77.361115
29 61 413.330733
29 62 65.173039
29 63 128.776487
29 64 295.601813
29 65 164.864187
29 66 218.692337
29 67 96.024981
29 68 268.853408
29 69 115.369018
29 70 109.532538
30 31 258.991612
30 32 993.649100
30 33 272.148323
30 34 330.198857
30 35 492.277719
30 36 235.684641
30 37 1142.686723
30 38 90.230465
30 39 858.392124
30 40 799.743013
30 41 127.970632
30 42 149.696281
30 43 158.309388
30 44 600.504669
30 45 445.468367
30 46 198.090719
30 47 124.816867
30 48 404.248051
30 49 94.651107
30 50 139.854008
30 51 109.367140
30 52 2407.022051
30 53 404.511318
30 54 1799.174740
30 55 915.884726
30 56 949.596794
30 57 271.367185
30 58 924.720861
30 59 150.791643
30 60 203.178392
30 61 1085.562523
30 62 171.160586
30 63 338.216105
30 64 776.362465
30 65 432.989234
30 66 574.363369
30 67 252.187544
30 68 706.110088
30 69 302.996321
30 70 287.667144
31 32 206.549945
31 33 56.574243
31 34 68.644459
31 35 102.333204
31 36 48.994642
31 37 237.530021
31 38 18.759861
31 39 178.432123
31 40 166.242401
31 41 26.601829
31 42 31.121207
31 43 32.911425
31 44 124.827259
31 45 92.598556
31 46 41.188048
31 47 25.951518
31 48 84.034398
31 49 19.675371
31 50 29.076034
31 51 22.743049
31 52 500.343505
31 53 84.090054
31 54 373.990644
31 55 190.384426
31 56 197.391931
31 57 56.411172
31 58 192.221207
31 59 31.353982
31 60 42.235395
31 61 225.654463
31 62 35.582547
31 63 70.304620
31 64 161.380660
31 65 90.007035
31 66 119.398202
31 67 52.431512
31 68 146.778726
31 69 62.983704
31 70 59.799291
32 33 217.039586
32 34 263.336468
32 35 392.595741
32 36 187.959860
32 37 911.301876
32 38 71.962585
32 39 684.572674
32 40 637.802382
32 41 102.056605
32 42 119.383836
32 43 126.252378
32 44 478.907131
32 45 355.263640
32 46 157.975812
32 47 99.540533
32 48 322.390303
32 49 75.486424
32 50 111.535978
32 51 87.220774
32 52 1919.621439
32 53 322.600571
32 54 1434.854516
32 55 730.426854
32 56 757.311721
32 57 216.418488
32 58 737.472356
32 59 120.261023
32 60 162.037304
32 61 865.742536
32 62 136.500222
32 63 269.730611
32 64 619.153239
32 65 345.311577
32 66 458.055538
32 67 201.119092
32 68 563.128880
32 69 241.641935
32 70 229.416665
33 34 72.131543
33 35 107.531022
33 36 51.487302
33 37 249.596195
33 38 19.713554
33 39 187.498171
33 40 174.686898
33 41 27.953257
33 42 32.701741
33 43 34.583988
33 44 131.168935
33 45 97.302771
33 46 43.273337
33 47 27.270115
33 48 88.303792
33 49 20.677716
33 50 30.553083
33 51 23.894253
33 52 525.759623
33 53 88.360820
33 54 392.988385
33 55 200.055670
33 56 207.418032
33 57 59.277226
33 58 201.985225
33 59 32.941231
33 60 44.380007
33 61 237.116073
33 62 37.391026
33 63 73.875488
33 64 169.579018
33 65 94.580830
33 66 125.461249
33 67 55.089686
33 68 154.233976
33 69 66.185800
33 70 62.839867
34 35 130.469034
34 36 62.468204
34 37 302.838435
34 38 23.924899
34 39 227.492413
34 40 211.949316
34 41 33.915557
34 42 39.680742
34 43 41.966247
34 44 159.148691
34 45 118.057821
34 46 52.519557
34 47 33.089562
34 48 107.141745
34 49 25.091191
34 50 37.076335
34 51 29.003975
34 52 637.909083
34 53 107.215333
34 54 476.815351
34 55 242.731245
34 56 251.662051
34 57 71.924175
34 58 245.071028
34 59 39.976985
34 60 53.847095
34 61 287.695108
34 62 45.369736
34 63 89.633252
34 64 205.751297
34 65 114.755774
34 66 152.234772
34 67 66.854619
34 68 187.132991
34 69 80.304108
34 70 76.243800
35 36 93.124253
35 37 451.482167
35 38 35.654083
35 39 339.155751
35 40 315.983269
35 41 50.562527
35 42 59.148952
35 43 62.552409
35 44 237.263651
35 45 176.006671
35 46 78.270408
35 47 49.321089
35 48 159.724467
35 49 37.399126
35 50 55.260550
35 51 43.216938
35 52 951.024858
35 53 159.827900
35 54 710.860875
35 55 361.871105
35 56 375.190396
35 57 107.221220
35 58 365.362410
35 59 59.580441
35 60 80.277650
35 61 428.910021
35 62 67.630096
35 63 133.630278
35 64 306.743907
35 65 171.079038
35 66 226.936508
35 67 99.645054
35 68 278.987798
35 69 119.717954
35 70 113.661753
36 37 216.154506
36 38 17.073737
36 39 162.377503
36 40 151.281854
36 41 24.208440
36 42 28.321177
36 43 29.951549
36 44 113.595031
36 45 84.266015
36 46 37.476948
36 47 23.617804
36 48 76.472818
36 49 17.908576
36 50 26.460721
36 51 20.694539
36 52 455.316193
36 53 76.523033
36 54 340.333673
36 55 173.251785
36 56 179.627314
36 57 51.335955
36 58 174.922054
36 59 28.526819
36 60 38.433958
36 61 205.346235
36 62 32.382162
36 63 63.977256
36 64 146.858272
36 65 81.909449
36 66 108.652563
36 67 47.710023
36 68 133.569208
36 69 57.318892
36 70 54.421587
37 38 82.754325
37 39 787.253581
37 40 733.465143
37 41 117.364510
37 42 137.292155
37 43 145.191891
37 44 550.739375
37 45 408.550378
37 46 181.678010
37 47 114.474950
37 48 370.747211
37 49 86.808657
37 50 128.265721
37 51 100.307773
37 52 2207.541740
37 53 370.990381
37 54 1650.067883
37 55 839.982291
37 56 870.900060
37 57 248.880042
37 58 848.085712
37 59 138.296302
37 60 186.340479
37 61 995.596898
37 62 156.977625
37 63 310.186594
37 64 712.020571
37 65 397.106911
37 66 526.766839
37 67 231.292462
37 68 647.592010
37 69 277.886645
37 70 263.828499
38 39 62.165789
38 40 57.913862
38 41 9.269919
38 42 10.848381
38 43 11.473698
38 44 43.490695
38 45 32.261122
38 46 14.356952
38 47 9.047847
38 48 29.283612
38 49 6.860570
38 50 10.138794
38 51 7.935101
38 52 174.312812
38 53 29.301290
38 54 130.292835
38 55 66.329311
38 56 68.768081
38 57 19.659175
38 58 66.969227
38 59 10.935629
38 60 14.713715
38 61 78.615902
38 62 12.401617
38 63 24.492405
38 64 56.224583
38 65 31.359825
38 66 41.607053
38 67 18.278131
38 68 51.134689
38 69 21.946190
38 70 20.837554
39 40 550.983685
39 41 88.165268
39 42 103.135103
39 43 109.069604
39 44 413.718091
39 45 306.904971
39 46 136.474806
39 47 85.995014
39 48 278.508796
39 49 65.211702
39 50 96.355856
39 51 75.349711
39 52 1658.316476
39 53 278.688735
39 54 1239.539880
39 55 630.999377
39 56 654.224290
39 57 186.960104
39 58 637.085838
39 59 103.889371
39 60 139.979379
39 61 747.896571
39 62 117.922727
39 63 233.013701
39 64 534.873664
39 65 298.309316
39 66 395.707693
39 67 173.745490
39 68 486.474303
39 69 208.751219
39 70 198.189602
40 41 82.140602
40 42 96.087766
40 43 101.616353
40 44 385.450699
40 45 285.935736
40 46 127.150795
40 47 80.118488
40 48 259.479534
40 49 60.754541
40 50 89.770154
40 51 70.201214
40 52 1545.015033
40 53 259.647352
40 54 1154.849559
40 55 587.887523
40 56 609.525712
40 57 174.184590
40 58 593.557666
40 59 96.790296
40 60 130.416166
40 61 696.797346
40 62 109.864945
40 63 217.093419
40 64 498.328464
40 65 277.926821
40 66 368.670620
40 67 161.874768
40 68 453.237051
40 69 194.487761
40 70 184.647784
41 42 15.375642
41 43 16.260964
41 44 61.678030
41 45 45.754239
41 46 20.346382
41 47 12.821739
41 48 41.520633
41 49 9.722996
41 50 14.365656
41 51 11.234487
41 52 247.221982
41 53 41.548012
41 54 184.791652
41 55 94.070028
41 56 97.531876
41 57 27.873066
41 58 94.977590
41 59 15.491650
41 60 20.868171
41 61 111.497410
41 62 17.581244
41 63 34.737886
41 64 79.740461
41 65 44.472693
41 66 58.993052
41 67 25.902930
41 68 72.523759
41 69 31.121475
41 70 29.546990
42 43 19.027695
42 44 72.150482
42 45 53.522109
42 46 23.805700
42 47 15.002217
42 48 48.574205
42 49 11.376082
42 50 16.808607
42 51 13.146716
42 52 289.196969
42 53 48.605779
42 54 216.164989
42 55 110.044606
42 56 114.093130
42 57 32.607438
42 58 111.103995
42 59 18.123111
42 60 24.412187
42 61 130.427363
42 62 20.568302
42 63 40.638215
42 64 93.277914
42 65 52.025744
42 66 69.015499
42 67 30.308462
42 68 84.837408
42 69 36.407468
42 70 34.565453
43 44 76.302569
43 45 56.601115
43 46 25.183320
43 47 15.867095
43 48 51.369459
43 49 12.029756
43 50 17.775737
43 51 13.910233
43 52 305.836080
43 53 51.404055
43 54 228.602271
43 55 116.373963
43 56 120.655971
43 57 34.486866
43 58 117.495951
43 59 19.165143
43 60 25.816324
43 61 137.931256
43 62 21.753458
43 63 42.974014
43 64 98.645042
43 65 55.018808
43 66 72.991076
43 67 32.060237
43 68 89.717935
43 69 38.501315
43 70 36.555579
44 45 214.701806
44 46 95.475968
44 47 60.160766
44 48 194.836433
44 49 45.620607
44 50 67.407849
44 51 52.714540
44 52 1160.106719
44 53 194.963591
44 54 867.143298
44 55 441.427356
44 56 457.674916
44 57 130.792161
44 58 445.686194
44 59 72.678235
44 60 97.925944
44 61 523.206019
44 62 82.496062
44 63 163.009130
44 64 374.181292
44 65 208.688433
44 66 276.827690
44 67 121.549627
44 68 340.322227
44 69 146.036021
44 70 138.648346
45 46 70.824843
45 47 44.626929
45 48 144.533011
45 49 33.841490
45 50 50.003126
45 51 39.102681
45 52 860.592205
45 53 144.627084
45 54 643.266718
45 55 327.461354
45 56 339.513065
45 57 97.023450
45 58 330.620346
45 59 53.913762
45 60 72.643301
45 61 388.126434
45 62 61.196039
45 63 120.923630
45 64 277.576417
45 65 154.808796
45 66 205.354198
45 67 90.165635
45 68 252.458361
45 69 108.332154
45 70 102.851290
46 47 19.856141
46 48 64.278782
46 49 15.055150
46 50 22.243022
46 51 17.423733
46 52 382.690187
46 53 64.324869
46 54 286.047471
46 55 145.617966
46 56 150.975931
46 57 43.156836
46 58 147.023251
46 59 23.990850
46 60 32.303322
46 61 172.592978
46 62 27.221275
46 63 53.772169
46 64 123.432292
46 65 68.844127
46 66 91.344062
46 67 40.125086
46 68 112.263866
46 69 48.175767
46 70 45.740222
47 48 40.504568
47 49 9.487487
47 50 14.019408
47 51 10.968264
47 52 241.130228
47 53 40.530509
47 54 180.237270
47 55 91.754129
47 56 95.129372
47 57 27.191063
47 58 92.638734
47 59 15.112465
47 60 20.354990
47 61 108.750159
47 62 17.154610
47 63 33.881778
47 64 77.775392
47 65 43.380683
47 66 57.549953
47 67 25.277748
47 68 70.736874
47 69 30.358445
47 70 28.823585
48 49 30.714083
48 50 45.380593
48 51 35.490175
48 52 780.961493
48 53 131.249440
48 54 583.743126
48 55 297.161722
48 56 308.098201
48 57 88.049138
48 58 300.026248
48 59 48.936381
48 60 65.921231
48 61 352.211052
48 62 55.539633
48 63 109.733717
48 64 251.891475
48 65 140.486862
48 66 186.359312
48 67 81.831582
48 68 229.098285
48 69 98.311717
48 70 93.337193
49 50 10.630209
49 51 8.316710
49 52 182.854492
49 53 30.733633
49 54 136.677494
49 55 69.580131
49 56 72.138061
49 57 20.618963
49 58 70.250292
49 59 11.461718
49 60 15.434990
49 61 82.468405
49 62 13.005926
49 63 25.693259
49 64 58.979188
49 65 32.895207
49 66 43.640760
49 67 19.167682
49 68 53.640736
49 69 23.021228
49 70 21.856486
50 51 12.284721
50 52 270.183066
50 53 45.411597
50 54 201.952293
50 55 102.810123
50 56 106.590045
50 57 30.464628
50 58 103.798527
50 59 16.933923
50 60 22.806651
50 61 121.851554
50 62 19.217654
50 63 37.963185
50 64 87.145632
50 65 48.605130
50 66 64.479670
50 67 28.316957
50 68 79.259240
50 69 34.014751
50 70 32.294088
51 52 211.285556
51 53 35.520200
51 54 157.928457
51 55 80.398345
51 56 83.355145
51 57 23.829078
51 58 81.173758
51 59 13.253107
51 60 17.835497
51 61 95.290398
51 62 15.034330
51 63 29.687669
51 64 68.148684
51 65 38.012040
51 66 50.444223
51 67 22.162107
51 68 61.981884
51 69 26.601470
51 70 25.256964
52 53 781.470007
52 54 3475.800768
52 55 1769.386151
52 56 1834.515518
52 57 524.250766
52 58 1786.455773
52 59 291.311178
52 60 392.518148
52 61 2097.182128
52 62 330.661510
52 63 653.396096
52 64 1499.841082
52 65 836.486525
52 66 1109.605480
52 67 487.199255
52 68 1364.126215
52 69 585.353774
52 70 555.740269
53 54 584.123722
53 55 297.355634
53 56 308.298916
53 57 88.108161
53 58 300.223744
53 59 48.964337
53 60 65.964714
53 61 352.441970
53 62 55.574937
53 63 109.806382
53 64 252.055524
53 65 140.578816
53 66 186.484341
53 67 81.889713
53 68 229.247689
53 69 98.374980
53 70 93.398897
54 55 1322.560308
54 56 1371.241905
54 57 391.860332
54 58 1335.319761
54 59 217.745974
54 60 293.394700
54 61 1567.578532
54 62 247.159577
54 63 488.392809
54 64 1121.085486
54 65 625.247072
54 66 829.394481
54 67 364.164437
54 68 1019.640897
54 69 437.533632
54 70 415.397888
55 56 698.042360
55 57 199.481496
55 58 679.756884
55 59 110.853166
55 60 149.355021
55 61 797.989409
55 62 125.820748
55 63 248.620724
55 64 570.698274
55 65 318.288423
55 66 422.213040
55 67 185.386954
55 68 519.057356
55 69 222.731980
55 70 211.463549
56 57 206.822954
56 58 704.777215
56 59 114.925155
56 60 154.853432
56 61 827.361870
56 62 130.450148
56 63 257.772302
56 64 591.703814
56 65 330.003297
56 66 437.751697
56 67 192.206341
56 68 538.163199
56 69 230.928472
56 70 219.245512
57 58 201.406291
57 59 32.849627
57 60 44.252434
57 61 236.436025
57 62 37.282483
57 63 73.663960
57 64 169.092046
57 65 94.307615
57 66 125.104640
57 67 54.937179
57 68 153.790809
57 69 65.995392
57 70 62.657423
58 59 111.913687
58 60 150.796231
58 61 805.688470
58 62 127.033269
58 63 251.019150
58 64 576.203851
58 65 321.358923
58 66 426.285167
58 67 187.173911
58 68 524.064462
58 69 224.880234
58 70 213.502780
59 60 24.590229
59 61 131.380204
59 62 20.718932
59 63 40.931539
59 64 93.962964
59 65 52.406416
59 66 69.526002
59 67 30.531876
59 68 85.456942
59 69 36.672919
59 70 34.819073
60 61 177.024699
60 62 27.912170
60 63 55.153518
60 64 126.602779
60 65 70.608805
60 66 93.662709
60 67 41.125093
60 68 115.147014
60 69 49.410700
60 70 46.910696
61 62 149.128767
61 63 294.679962
61 64 676.425930
61 65 377.253397
61 66 500.431866
61 67 219.727576
61 68 615.217118
61 69 263.993487
61 70 250.637466
62 63 46.461472
62 64 106.653133
62 65 59.485347
62 66 78.909628
62 67 34.652523
62 68 97.001401
62 69 41.628348
62 70 39.521997
63 64 210.746141
63 65 117.536400
63 66 155.912985
63 67 68.457356
63 68 191.676660
63 69 82.248949
63 70 78.088215
64 65 269.800534
64 66 357.893106
64 67 157.142155
64 68 439.984721
64 69 188.800568
64 70 179.249040
65 66 199.604995
65 67 87.643762
65 68 245.386968
65 69 105.299201
65 70 99.973412
66 67 116.286186
66 68 325.507407
66 69 139.680142
66 70 132.615779
67 68 142.921954
67 69 61.332296
67 70 58.231618
68 69 171.716114
68 70 163.028879
69 70 69.959359
