3.000000
0.100000
-0.900000
0.070000
22
827.011290
1788.146243
3595.133116
1466.330525
4956.817314
2825.382099
1997.062379
1939.994005
6227.379352
1476.906327
3468.540563
1048.992053
3265.932520
739.068737
1927.760798
2780.816848
2753.941165
28738.874296
3747.583970
6207.047297
6281.790559
5898.952628
1 2 20.247547
1 3 40.711481
1 4 16.609066
1 5 56.127588
1 6 31.993952
1 7 22.619682
1 8 21.975046
1 9 70.515643
1 10 16.724497
1 11 39.277071
1 12 11.888328
1 13 36.981855
1 14 8.382889
1 15 21.827060
1 16 31.491944
1 17 31.182452
1 18 325.404672
1 19 42.434753
1 20 70.284331
1 21 71.131798
1 22 66.791629
2 3 88.029456
2 4 35.904892
2 5 121.371559
2 6 69.182062
2 7 48.900990
2 8 47.503483
2 9 152.481379
2 10 36.163773
2 11 84.928790
2 12 25.685571
2 13 79.968638
2 14 18.098411
2 15 47.203331
2 16 68.091195
2 17 67.432431
2 18 703.686692
2 19 91.764168
2 20 151.985632
2 21 153.813748
2 22 144.439080
3 4 72.188506
3 5 244.023996
3 6 139.095716
3 7 98.315161
3 8 95.505365
3 9 306.575003
3 10 72.708347
3 11 170.755194
3 12 51.640198
3 13 160.783498
3 14 36.380688
3 15 94.900347
3 16 136.899317
3 17 135.578184
3 18 1414.820997
3 19 184.495348
3 20 305.574385
3 21 309.254445
3 22 290.407339
4 5 99.529521
4 6 56.733220
4 7 40.101033
4 8 38.956059
4 9 125.042004
4 10 29.655576
4 11 69.646195
4 12 21.063777
4 13 65.578925
4 14 14.841300
4 15 38.708090
4 16 55.838186
4 17 55.298046
4 18 577.054610
4 19 75.249674
4 20 124.633953
4 21 126.135087
4 22 118.446382
5 6 191.777887
5 7 135.552986
5 8 131.676626
5 9 422.690425
5 10 100.247710
5 11 235.429357
5 12 71.199698
5 13 221.680698
5 14 50.158521
5 15 130.844930
5 16 188.750341
5 17 186.929695
5 18 1950.691850
5 19 254.373630
5 20 421.311329
5 21 426.384508
5 22 400.400274
6 7 77.266675
6 8 75.058127
6 9 240.935981
6 10 57.141373
6 11 134.196171
6 12 40.585564
6 13 126.359082
6 14 28.592431
6 15 74.582859
6 16 107.589260
6 17 106.550112
6 18 1111.897681
6 19 144.993708
6 20 240.149657
6 21 243.041154
6 22 228.228846
7 8 53.054752
7 9 170.297860
7 10 40.388887
7 11 94.853358
7 12 28.689268
7 13 89.312620
7 14 20.211741
7 15 52.716566
7 16 76.047538
7 17 75.311598
7 18 785.901722
7 19 102.484316
7 20 169.743020
7 21 171.785077
7 22 161.314840
8 9 165.429500
8 10 39.234512
8 11 92.142287
8 12 27.868992
8 13 86.760094
8 14 19.637922
8 15 51.208980
8 16 73.875010
8 17 73.157972
8 18 763.434135
8 19 99.555247
8 20 164.890731
8 21 166.875584
8 22 156.703074
9 10 125.943704
9 11 295.777484
9 12 89.449796
9 13 278.504246
9 14 63.014915
9 15 164.385040
9 16 237.132746
9 17 234.844207
9 18 2450.720061
9 19 319.577414
9 20 529.307173
9 21 535.681084
9 22 503.036311
10 11 70.148219
10 12 21.214271
10 13 66.051270
10 14 14.945212
10 15 38.986328
10 16 56.239521
10 17 55.696523
10 18 581.221685
10 19 75.792214
10 20 125.532960
10 21 127.044410
10 22 119.302205
11 12 49.823808
11 13 155.120533
11 14 35.100048
11 15 91.558219
11 16 132.078909
11 17 130.803035
11 18 1364.989895
11 19 177.997576
11 20 294.812421
11 21 298.361646
11 22 280.179061
12 13 46.911079
12 14 10.621566
12 15 27.690674
12 16 39.945701
12 17 39.557194
12 18 412.795319
12 19 53.829327
12 20 89.158374
12 21 90.230190
12 22 84.731005
13 14 33.048772
13 15 86.211303
13 16 124.365881
13 17 123.165905
13 18 1285.277619
13 19 167.603119
13 20 277.594599
13 21 280.937918
13 22 263.816929
14 15 19.509106
14 16 28.141754
14 17 27.866570
14 18 290.795222
14 19 37.923957
14 20 62.809724
14 21 63.565439
14 22 59.689782
15 16 73.404324
15 17 72.696825
15 18 758.622161
15 19 98.925501
15 20 163.848461
15 21 165.822263
15 22 155.716274
16 17 104.868392
16 18 1094.345303
16 19 142.705935
16 20 236.359162
16 21 239.203798
16 22 224.626019
17 18 1083.793511
17 19 141.329061
17 20 234.077133
17 21 236.896672
17 22 222.460511
18 19 1474.829391
18 20 2442.717330
18 21 2472.137621
18 22 2321.490723
19 20 318.534243
19 21 322.370426
19 22 302.724775
20 21 533.932574
20 22 501.394037
21 22 507.432717
