3.000000
0.100000
-0.900000
0.070000
20
32422.281219
5227.692879
7694.695487
3003.257030
7850.434839
3191.051911
7504.472450
1341.339353
1288.639580
739.331003
4068.566866
8118.053722
946.633865
669.454980
7752.499989
8507.282543
2664.749335
4232.070428
1627.176267
2590.530229
1 2 1917.161678
1 3 2821.921573
1 4 1101.385322
1 5 2878.996397
1 6 1170.253168
1 7 2752.155596
1 8 491.903994
1 9 472.580989
1 10 271.130891
1 11 1492.077915
1 12 2977.163099
1 13 347.152403
1 14 245.472100
1 15 2843.074043
1 16 3119.875157
1 17 977.253464
1 18 1552.036169
1 19 596.741307
1 20 950.016962
2 3 454.995253
2 4 177.586743
2 5 464.204069
2 6 188.690743
2 7 443.746767
2 8 79.316705
2 9 76.199960
2 10 43.716949
2 11 240.581185
2 12 480.030181
2 13 55.977424
2 14 39.584125
2 15 458.409965
2 16 503.040748
2 17 157.569377
2 18 250.247911
2 19 96.216983
2 20 153.180962
3 4 261.388664
3 5 683.265006
3 6 277.732788
3 7 653.162612
3 8 116.741939
3 9 112.155675
3 10 64.347082
3 11 354.110794
3 12 706.563071
3 13 82.388516
3 14 58.256803
3 15 674.739818
3 16 740.432581
3 17 231.929348
3 18 368.340202
3 19 141.623335
3 20 225.464843
4 5 266.682023
4 6 108.401938
4 7 254.926767
4 8 45.568097
4 9 43.776842
4 10 25.114910
4 11 138.211785
4 12 275.772308
4 13 32.159530
4 14 22.742384
4 15 263.351355
4 16 288.992731
4 17 90.521157
4 18 143.765746
4 19 55.275327
4 20 88.001855
5 6 283.354476
5 7 666.373293
5 8 119.108347
5 9 114.427625
5 10 65.649758
5 11 361.277715
5 12 720.860002
5 13 84.059579
5 14 59.444101
5 15 688.392059
5 16 755.415246
5 17 236.621133
5 18 375.796317
5 19 144.487765
5 20 230.029798
6 7 270.867100
6 8 48.416937
6 9 46.514055
6 10 26.685073
6 11 146.853993
6 12 293.015701
6 13 34.170742
6 14 24.165116
6 15 279.821083
6 16 307.061865
6 17 96.181848
6 18 152.755883
6 19 58.731942
6 20 93.504584
7 8 113.856082
7 9 109.383695
7 10 62.756236
7 11 345.356826
7 12 689.095378
7 13 80.351780
7 14 56.817031
7 15 658.059513
7 16 722.127369
7 17 226.195876
7 18 359.235106
7 19 138.122302
7 20 219.891525
8 9 19.553441
8 10 11.217224
8 11 61.732491
8 12 123.168159
8 13 14.365688
8 14 10.159805
8 15 117.620735
8 16 129.072542
8 17 40.429153
8 18 64.210984
8 19 24.687476
8 20 39.305558
9 10 10.776475
9 11 59.305764
9 12 118.328942
9 13 13.801633
9 14 9.759061
9 15 112.999949
9 16 124.002244
9 17 38.841132
9 18 61.688746
9 19 23.718191
9 20 37.762655
10 11 34.023935
10 12 67.887413
10 13 7.916021
10 14 5.598441
10 15 64.830192
10 16 71.141289
10 17 22.284401
10 18 35.390687
10 19 13.607586
10 20 21.663274
11 12 373.595495
11 13 43.566237
11 14 30.807756
11 15 356.769294
11 16 391.503854
11 17 122.631998
11 18 194.762662
11 19 74.883271
11 20 119.217358
12 13 86.924321
12 14 61.467101
12 15 711.863934
12 16 781.170601
12 17 244.689168
12 18 388.608122
12 19 149.414675
12 20 237.872669
13 14 7.170478
13 15 83.009245
13 16 91.091611
13 17 28.532104
13 18 45.318784
13 19 17.422498
13 20 27.743922
14 15 58.699373
14 16 64.414012
14 17 20.175307
14 18 32.044801
14 19 12.319779
14 20 19.616655
15 16 745.988541
15 17 233.668409
15 18 371.106769
15 19 142.685347
15 20 227.158840
16 17 256.418152
16 18 407.235395
16 19 156.576784
16 20 249.275633
17 18 127.560500
17 19 49.045958
17 20 78.080901
18 19 77.892818
18 20 124.008171
19 20 47.678266
