3.000000
0.100000
-0.900000
0.070000
10
-3.872022
-11.897132
-0.224543
-2.414371
-4.427541
-10.968809
-8.093883
-4.441950
-4.024051
-2.340551
1 2 94.470783
1 3 3.478469
1 4 22.399505
1 5 35.134837
1 6 87.253239
1 7 64.123201
1 8 35.892005
1 9 32.137134
1 10 19.630465
2 3 10.706133
2 4 68.966924
2 5 108.185207
2 6 268.657441
2 7 197.440369
2 8 110.512709
2 9 98.952204
2 10 60.443330
3 4 2.554724
3 5 3.989007
3 6 9.889080
3 7 7.276126
3 8 4.085064
3 9 3.657339
3 10 2.237139
4 5 25.655015
4 6 63.696325
4 7 46.819102
4 8 26.206752
4 9 23.466048
4 10 14.332010
5 6 99.918169
5 7 73.435358
5 8 41.105978
5 9 36.804152
5 10 22.484538
6 7 182.356421
6 8 102.067390
6 9 91.392306
6 10 55.822364
7 8 75.015063
7 9 67.167803
7 10 41.030946
8 9 37.598472
8 10 22.971680
9 10 20.565537
