3.000000
0.100000
-0.900000
0.070000
40
4264.258958
5949.117165
4860.930179
4078.127606
2679.012217
3209.136973
4167.659741
4792.834843
5594.555227
1787.733299
6309.403581
8499.766817
474.969098
3939.034959
21480.033273
3221.821395
2388.304568
364.329921
13593.413128
8331.572845
6713.683546
4523.701172
2698.581243
5368.580664
4807.361118
11921.153961
1186.830632
4076.503602
5492.084596
4029.265675
11296.378217
5867.710839
2504.727807
1335.409768
2075.268527
11831.007674
4309.760875
4353.542131
2881.773074
1588.650105
1 2 143.876231
1 3 117.558777
1 4 98.627676
1 5 64.790873
1 6 77.612821
1 7 100.794439
1 8 115.911668
1 9 135.300416
1 10 43.235292
1 11 152.590617
1 12 205.563691
1 13 11.487755
1 14 95.262005
1 15 519.486499
1 16 77.917778
1 17 57.759292
1 18 8.811448
1 19 328.751335
1 20 201.494912
1 21 162.366508
1 22 109.405205
1 23 65.264956
1 24 129.834586
1 25 116.263700
1 26 288.308045
1 27 28.704393
1 28 98.588863
1 29 132.822736
1 30 97.447072
1 31 273.198394
1 32 141.907903
1 33 60.573748
1 34 32.295270
1 35 50.188303
1 36 286.127559
1 37 104.230093
1 38 105.289243
1 39 69.694445
1 40 38.420519
2 3 164.006749
2 4 137.596002
2 5 90.390389
2 6 108.276431
2 7 140.617183
2 8 161.708049
2 9 188.758999
2 10 60.318009
2 11 212.878735
2 12 286.780611
2 13 16.026295
2 14 132.900491
2 15 724.731187
2 16 108.705373
2 17 80.580676
2 18 12.292867
2 19 458.639171
2 20 281.106860
2 21 226.518329
2 22 152.630781
2 23 91.050850
2 24 181.132452
2 25 162.199802
2 26 402.217294
2 27 40.044844
2 28 137.541322
2 29 185.301893
2 30 135.947863
2 31 381.137350
2 32 197.975100
2 33 84.507993
2 34 45.056310
2 35 70.019513
2 36 399.175316
2 37 145.411042
2 38 146.888519
2 39 97.230278
2 40 53.601297
3 4 112.428470
3 5 73.857805
3 6 88.470254
3 7 114.895394
3 8 132.131360
3 9 154.229753
3 10 49.286206
3 11 173.940072
3 12 234.324536
3 13 13.094437
3 14 108.589564
3 15 592.167025
3 16 88.822848
3 17 65.841375
3 18 10.044132
3 19 374.747387
3 20 229.688346
3 21 185.086427
3 22 124.712404
3 23 74.396420
3 24 148.002750
3 25 132.531498
3 26 328.646820
3 27 32.719857
3 28 112.383135
3 29 151.409432
3 30 111.080188
3 31 311.420932
3 32 161.763339
3 33 69.051046
3 34 36.814550
3 35 57.214356
3 36 326.161129
3 37 118.814340
3 38 120.019985
3 39 79.445123
3 40 43.797520
4 5 61.963391
4 6 74.223436
4 7 96.393194
4 8 110.852882
4 9 129.394777
4 10 41.348716
4 11 145.929261
4 12 196.590115
4 13 10.984923
4 14 91.103108
4 15 496.808530
4 16 74.517961
4 17 55.238538
4 18 8.425975
4 19 314.400604
4 20 192.700083
4 21 155.281067
4 22 104.629394
4 23 62.415643
4 24 124.167949
4 25 111.188977
4 26 275.722623
4 27 27.450338
4 28 94.285009
4 29 127.026487
4 30 93.192394
4 31 261.272265
4 32 135.713097
4 33 57.930232
4 34 30.885304
4 35 48.000104
4 36 273.637806
4 37 99.680362
4 38 100.691502
4 39 66.651937
4 40 36.743854
5 6 48.759147
5 7 63.322666
5 8 72.822062
5 9 85.002778
5 10 27.163965
5 11 95.864121
5 12 129.143433
5 13 7.218150
5 14 59.847426
5 15 326.360468
5 16 48.954457
5 17 36.289388
5 18 5.535377
5 19 206.534937
5 20 126.590128
5 21 102.007559
5 22 68.733951
5 23 41.002508
5 24 81.571152
5 25 73.043056
5 26 181.127688
5 27 18.033269
5 28 61.937982
5 29 83.448211
5 30 61.220321
5 31 171.633101
5 32 89.153268
5 33 38.059269
5 34 20.291627
5 35 31.532935
5 36 179.757356
5 37 65.482511
5 38 66.146606
5 39 43.784639
5 40 24.138007
6 7 75.857243
6 8 87.230832
6 9 101.822518
6 10 32.537154
6 11 114.834745
6 12 154.700234
6 13 8.645258
6 14 71.691014
6 15 390.950061
6 16 58.637118
6 17 43.468405
6 18 6.630675
6 19 247.407704
6 20 151.637874
6 21 122.190560
6 22 82.334611
6 23 49.116821
6 24 97.708191
6 25 87.496066
6 26 216.971102
6 27 21.603084
6 28 74.195228
6 29 99.957171
6 30 73.337260
6 31 205.600401
6 32 106.794937
6 33 45.585323
6 34 24.304187
6 35 37.770334
6 36 215.330231
6 37 78.440201
6 38 79.238050
6 39 52.449884
6 40 28.914318
7 8 113.285465
7 9 132.235500
7 10 42.255590
7 11 149.134623
7 12 200.907864
7 13 11.226585
7 14 93.104870
7 15 507.721791
7 16 76.151254
7 17 56.451217
7 18 8.611585
7 19 321.305350
7 20 196.930758
7 21 158.688135
7 22 106.926925
7 23 63.786774
7 24 126.892287
7 25 113.629938
7 26 281.777605
7 27 28.055030
7 28 96.355703
7 29 129.813355
7 30 95.241656
7 31 267.010623
7 32 138.693307
7 33 59.200105
7 34 31.561664
7 35 49.052210
7 36 279.646685
7 37 101.869228
7 38 102.904044
7 39 68.115922
7 40 37.550271
8 9 152.069440
8 10 48.595143
8 11 171.502032
8 12 231.039665
8 13 12.912028
8 14 107.067115
8 15 583.866845
8 16 87.577763
8 17 64.920988
8 18 9.903408
8 19 369.494847
8 20 226.470759
8 21 182.492367
8 22 122.965756
8 23 73.354799
8 24 145.929604
8 25 130.674013
8 26 324.040328
8 27 32.261409
8 28 110.808453
8 29 149.286419
8 30 109.523614
8 31 307.056037
8 32 159.495502
8 33 68.083627
8 34 36.298652
8 35 56.412810
8 36 321.589754
8 37 117.148612
8 38 118.338657
8 39 78.331661
8 40 43.182802
9 10 56.722243
9 11 200.191883
9 12 269.689892
9 13 15.070350
9 14 124.980977
9 15 681.540682
9 16 102.226011
9 17 75.777075
9 18 11.559056
9 19 431.304928
9 20 264.354805
9 21 213.017200
9 22 143.534034
9 23 85.623481
9 24 170.340013
9 25 152.534642
9 26 378.246273
9 27 37.657057
9 28 129.343428
9 29 174.258235
9 30 127.842822
9 31 358.423244
9 32 186.175624
9 33 79.471333
9 34 42.371709
9 35 65.845238
9 36 375.385223
9 37 136.744878
9 38 138.132869
9 39 91.435541
9 40 50.405535
10 11 63.969784
10 12 86.177020
10 13 4.818412
10 14 39.939873
10 15 217.776158
10 16 32.670095
10 17 24.217334
10 18 3.694907
10 19 137.818873
10 20 84.472982
10 21 68.070883
10 22 45.867375
10 23 27.361705
10 24 54.432771
10 25 48.741631
10 26 120.865598
10 27 12.034163
10 28 41.332908
10 29 55.684711
10 30 40.852720
10 31 114.528750
10 32 59.492200
10 33 25.398003
10 34 13.543408
10 35 21.042825
10 36 119.951377
10 37 43.698027
10 38 44.140252
10 39 29.217126
10 40 16.107864
11 12 304.155281
11 13 16.993661
11 14 140.948759
11 15 768.640227
11 16 115.286674
11 17 85.457945
11 18 13.036374
11 19 486.424613
11 20 298.132881
11 21 240.238497
11 22 161.874484
11 23 96.564407
11 24 192.103599
11 25 172.024143
11 26 426.584018
11 27 42.469126
11 28 145.871548
11 29 196.525332
11 30 144.182232
11 31 404.228499
11 32 209.968083
11 33 89.623646
11 34 47.780440
11 35 74.258023
11 36 423.357743
11 37 154.218790
11 38 155.784606
11 39 103.120869
11 40 56.846960
12 13 22.893584
12 14 189.879882
12 15 1035.484993
12 16 155.308486
12 17 115.125504
12 18 17.561485
12 19 655.293100
12 20 401.632872
12 21 323.639657
12 22 218.070724
12 23 130.087390
12 24 258.792722
12 25 231.743878
12 26 574.677737
12 27 57.212101
12 28 196.512804
12 29 264.751135
12 30 194.236091
12 31 544.562126
12 32 282.860718
12 33 120.734673
12 34 64.366748
12 35 100.036301
12 36 570.331972
12 37 207.756847
12 38 209.866910
12 39 138.920609
12 40 76.582084
13 14 10.614169
13 15 57.852125
13 16 8.681503
13 17 6.438208
13 18 0.983028
13 19 36.612447
13 20 22.444206
13 21 18.084258
13 22 12.186515
13 23 7.271725
13 24 14.464828
13 25 12.950335
13 26 32.109668
13 27 3.198695
13 28 10.981611
13 29 14.794587
13 30 10.853798
13 31 30.424954
13 32 15.805362
13 33 6.750346
13 34 3.602491
13 35 5.592484
13 36 31.866505
13 37 11.609984
13 38 11.728391
13 39 7.761732
13 40 4.280536
14 15 479.851281
14 16 71.975214
14 17 53.354716
14 18 8.140529
14 19 303.669487
14 20 186.124532
14 21 149.979795
14 22 101.058482
14 23 60.286849
14 24 119.931030
14 25 107.393863
14 26 266.311573
14 27 26.514269
14 28 91.067496
14 29 122.689223
14 30 90.012401
14 31 252.355307
14 32 131.080456
14 33 55.953961
14 34 29.835206
14 35 46.359497
14 36 264.297129
14 37 96.277837
14 38 97.256432
14 39 64.377384
14 40 35.489394
15 16 392.480986
15 17 290.934083
15 18 44.379599
15 19 1656.015760
15 20 1014.980608
15 21 817.878176
15 22 551.092236
15 23 328.746771
15 24 654.001968
15 25 585.645687
15 26 1452.288267
15 27 144.583475
15 28 496.611750
15 29 669.059196
15 30 490.861133
15 31 1376.184755
15 32 714.824318
15 33 305.109644
15 34 162.659696
15 35 252.805267
15 36 1441.305512
15 37 525.027510
15 38 530.359693
15 39 351.071794
15 40 193.532228
16 17 43.641499
16 18 6.658173
16 19 248.379730
16 20 152.238737
16 21 122.675571
16 22 82.660154
16 23 49.309486
16 24 98.098390
16 25 87.843092
16 26 217.825244
16 27 21.686484
16 28 74.488563
16 29 100.355108
16 30 73.623383
16 31 206.406435
16 32 107.216131
16 33 45.769440
16 34 24.404014
16 35 37.920497
16 36 216.178160
16 37 78.750166
16 38 79.548954
16 39 52.655693
16 40 29.029213
17 18 4.934914
17 19 184.115950
17 20 112.849793
17 21 90.936615
17 22 61.274686
17 23 36.554445
17 24 72.717965
17 25 65.114833
17 26 161.466730
17 27 16.076307
17 28 55.215858
17 29 74.390415
17 30 54.576450
17 31 153.003350
17 32 79.476033
17 33 33.929554
17 34 18.092872
17 35 28.114458
17 36 160.245773
17 37 58.376279
17 38 58.968856
17 39 39.031979
17 40 21.518164
18 19 28.085436
18 20 17.214672
18 21 13.871525
18 22 9.347328
18 23 5.576091
18 24 11.092789
18 25 9.933901
18 26 24.630736
18 27 2.452395
18 28 8.423062
18 29 11.347481
18 30 8.325331
18 31 23.339987
18 32 12.124073
18 33 5.175604
18 34 2.761468
18 35 4.288066
18 36 24.444150
18 37 8.905027
18 38 8.996004
18 39 5.954544
18 40 3.282546
19 20 642.318384
19 21 517.586500
19 22 348.753427
19 23 208.044030
19 24 413.879083
19 25 370.619585
19 26 919.062414
19 27 91.497739
19 28 314.275607
19 29 423.407565
19 30 310.635442
19 31 870.900060
19 32 452.368352
19 33 193.087021
19 34 102.939305
19 35 159.986169
19 36 912.112486
19 37 332.258337
19 38 335.632485
19 39 222.171065
19 40 122.475101
20 21 317.234169
20 22 213.755313
20 23 127.512719
20 24 253.683229
20 25 227.158882
20 26 563.300790
20 27 56.081253
20 28 192.622528
20 29 259.512291
20 30 190.390865
20 31 533.778411
20 32 277.260918
20 33 118.349192
20 34 63.096346
20 35 98.056970
20 36 559.040133
20 37 203.644384
20 38 205.713464
20 39 136.169951
20 40 75.066455
21 22 172.247051
21 23 102.752546
21 24 204.412709
21 25 183.045208
21 26 453.912092
21 27 45.189626
21 28 155.217803
21 29 209.118178
21 30 153.418926
21 31 430.123335
21 32 223.419707
21 33 95.367114
21 34 50.844950
21 35 79.020276
21 36 450.480119
21 37 164.099872
21 38 165.764985
21 39 109.726749
21 40 60.489887
22 23 69.236482
22 24 137.734412
22 25 123.337781
22 26 305.850020
22 27 30.450544
22 28 104.587471
22 29 140.905894
22 30 103.376166
22 31 289.820142
22 32 150.542102
22 33 64.259670
22 34 34.262085
22 35 53.243913
22 36 303.536619
22 37 110.573241
22 38 111.694999
22 39 73.934777
22 40 40.758409
23 24 82.165986
23 25 73.576187
23 26 182.450768
23 27 18.165781
23 28 62.391050
23 29 84.055785
23 30 61.668444
23 31 172.888082
23 32 89.804474
23 33 38.335814
23 34 20.440291
23 35 31.762425
23 36 181.070989
23 37 65.960521
23 38 66.631666
23 39 44.104847
23 40 24.314069
24 25 146.372708
24 26 362.964381
24 27 36.135694
24 28 124.118692
24 29 167.218892
24 30 122.679238
24 31 343.940475
24 32 178.654977
24 33 76.262643
24 34 40.660129
24 35 63.183645
24 36 360.219102
24 37 131.220377
24 38 132.552710
24 39 87.741285
24 40 48.370752
25 26 325.026184
25 27 32.359166
25 28 111.144578
25 29 149.739656
25 30 109.856169
25 31 307.992023
25 32 159.981168
25 33 68.289576
25 34 36.407685
25 35 56.580835
25 36 322.567939
25 37 117.504346
25 38 118.696647
25 39 78.570598
25 40 43.313563
26 27 80.242126
26 28 275.613359
26 29 371.320124
26 30 272.420286
26 31 763.759345
26 32 396.717517
26 33 169.335248
26 34 90.277081
26 35 140.305092
26 36 799.902741
26 37 291.383885
26 38 294.342391
26 39 194.838998
26 40 107.408254
27 28 27.439648
27 29 36.967632
27 30 27.123336
27 31 76.035493
27 32 39.496027
27 33 16.861043
27 34 8.989636
27 35 13.969880
27 36 79.634773
27 37 29.009850
27 38 29.305183
27 39 19.397149
27 40 10.693954
28 29 126.975217
28 30 93.155947
28 31 261.168743
28 32 135.659467
28 33 57.907017
28 34 30.873958
28 35 47.978804
28 36 273.528996
28 37 99.640724
28 38 100.653171
28 39 66.625551
28 40 36.729105
29 30 125.502916
29 31 351.858519
29 32 182.768281
29 33 78.014533
29 34 41.594437
29 35 64.641168
29 36 368.511796
29 37 134.241005
29 38 135.603129
29 39 89.761031
29 40 49.483579
30 31 258.143738
30 32 134.087603
30 33 57.234796
30 34 30.515136
30 35 47.423248
30 36 270.360279
30 37 98.486175
30 38 99.486977
30 39 65.853988
30 40 36.303520
31 32 375.926669
31 33 160.458032
31 34 85.543333
31 35 132.950565
31 36 757.983663
31 37 276.112585
31 38 278.916658
31 39 184.629229
31 40 101.778677
32 33 83.349195
32 34 44.436427
32 35 69.060719
32 36 393.717675
32 37 143.422126
32 38 144.878377
32 39 95.900977
32 40 52.867314
33 34 18.975169
33 35 29.480522
33 36 168.054019
33 37 61.220571
33 38 61.840808
33 39 40.933827
33 40 22.566823
34 35 15.717602
34 36 89.594235
34 37 32.640108
34 38 32.971935
34 39 21.822813
34 40 12.031900
35 36 139.244065
35 37 50.726447
35 38 51.238341
35 39 33.916359
35 40 18.699341
36 37 289.180480
36 38 292.116751
36 39 193.365689
36 40 106.596007
37 38 106.411913
37 39 70.437797
37 40 38.830773
38 39 71.153330
38 40 39.224651
39 40 25.964321
