3.000000
0.100000
-0.900000
0.070000
50
32218.164864
2830.501839
10008.070383
3829.002213
12005.441439
14761.609951
7147.364669
24990.309970
5610.271091
8003.918171
15102.340486
21528.972346
23572.925268
11345.741667
7047.212963
22978.233919
7427.930418
12220.984006
44024.073548
29871.147691
12407.458590
5612.546631
7165.065903
3737.991342
2644.667039
2629.726328
9753.457701
4363.011691
61349.287106
1823.186374
5927.071891
22341.677324
2156.188158
11593.698236
1285.666024
1835.004639
10556.559997
22927.647971
5714.278785
2195.356986
14456.742681
9975.338107
4074.876525
24047.620730
3181.610319
18037.827953
10331.294876
4174.857313
34563.171546
3687.841324
1 2 156.696678
1 3 554.044301
1 4 211.968796
1 5 664.614165
1 6 817.200803
1 7 395.669198
1 8 1383.445915
1 9 310.575630
1 10 443.091354
1 11 836.060324
1 12 1191.841589
1 13 1304.986297
1 14 628.094932
1 15 390.127379
1 16 1272.055992
1 17 411.206993
1 18 676.551965
1 19 2437.136730
1 20 1653.657479
1 21 686.871661
1 22 310.703913
1 23 396.650615
1 24 206.928632
1 25 146.395207
1 26 145.575512
1 27 539.936184
1 28 241.530072
1 29 3396.291056
1 30 100.922003
1 31 328.116587
1 32 1236.831360
1 33 119.365142
1 34 641.821376
1 35 71.154319
1 36 101.577135
1 37 584.406303
1 38 1269.268348
1 39 316.337800
1 40 121.531294
1 41 800.317015
1 42 552.229094
1 43 225.561665
1 44 1331.270527
1 45 176.123347
1 46 998.570978
1 47 571.939841
1 48 231.119483
1 49 1913.402481
1 50 204.136084
2 3 48.675792
2 4 18.622711
2 5 58.388948
2 6 71.794709
2 7 34.761470
2 8 121.540670
2 9 27.285598
2 10 38.927240
2 11 73.451409
2 12 104.708858
2 13 114.648743
2 14 55.180977
2 15 34.274397
2 16 111.756355
2 17 36.126511
2 18 59.438036
2 19 214.113702
2 20 145.280735
2 21 60.344618
2 22 27.296711
2 23 34.847661
2 24 18.179296
2 25 12.861074
2 26 12.789689
2 27 47.435759
2 28 21.219665
2 29 298.379521
2 30 8.866540
2 31 28.826651
2 32 108.661290
2 33 10.486878
2 34 56.386707
2 35 6.251421
2 36 8.924083
2 37 51.342710
2 38 111.510748
2 39 27.792515
2 40 10.676961
2 41 70.310828
2 42 48.515797
2 43 19.816936
2 44 116.958144
2 45 15.473271
2 46 87.728930
2 47 50.247616
2 48 20.304938
2 49 168.100977
2 50 17.934532
3 4 65.845221
3 5 206.452105
3 6 253.849832
3 7 122.909720
3 8 429.744883
3 9 96.475919
3 10 137.639168
3 11 259.708356
3 12 370.226239
3 13 405.373037
3 14 195.108348
3 15 121.186964
3 16 395.144276
3 17 127.735871
3 18 210.159994
3 19 757.058870
3 20 513.681963
3 21 213.365563
3 22 96.515051
3 23 123.214182
3 24 64.280241
3 25 45.475580
3 26 45.221284
3 27 167.724067
3 28 75.028031
3 29 1055.002620
3 30 31.350896
3 31 101.924772
3 32 384.201836
3 33 37.079160
3 34 199.371414
3 35 22.103829
3 36 31.554768
3 37 181.536486
3 38 394.277329
3 39 98.267078
3 40 37.751916
3 41 248.605670
3 42 171.541400
3 43 70.069181
3 44 413.537449
3 45 54.710700
3 46 310.189368
3 47 177.663991
3 48 71.794024
3 49 594.366769
3 50 63.413130
4 5 78.986813
4 6 97.119218
4 7 47.025553
4 8 164.414713
4 9 36.913797
4 10 52.660001
4 11 99.360882
4 12 141.642890
4 13 155.091173
4 14 74.644665
4 15 46.366432
4 16 151.173680
4 17 48.869981
4 18 80.405524
4 19 289.637534
4 20 196.527592
4 21 81.631175
4 22 36.927037
4 23 47.142310
4 24 24.594801
4 25 17.401622
4 26 17.302081
4 27 64.171423
4 28 28.705913
4 29 403.625203
4 30 11.996198
4 31 38.996751
4 32 146.989510
4 33 14.187461
4 34 76.277548
4 35 8.458753
4 36 12.075130
4 37 69.454044
4 38 150.843980
4 39 37.597569
4 40 14.445873
4 41 95.113498
4 42 65.630398
4 43 26.812349
4 44 158.213522
4 45 20.935536
4 46 118.674396
4 47 67.970941
4 48 27.466959
4 49 227.394424
4 50 24.264742
5 6 304.511141
5 7 147.440044
5 8 515.510732
5 9 115.730747
5 10 165.109724
5 11 311.539724
5 12 444.112193
5 13 486.274983
5 14 234.045219
5 15 145.374693
5 16 474.006926
5 17 153.227957
5 18 252.101942
5 19 908.145605
5 20 616.197935
5 21 255.948210
5 22 115.778860
5 23 147.804296
5 24 77.110726
5 25 54.555170
5 26 54.247921
5 27 201.198706
5 28 90.002475
5 29 1265.545092
5 30 37.607305
5 31 122.267272
5 32 460.876525
5 33 44.480939
5 34 239.161749
5 35 26.515934
5 36 37.853728
5 37 217.766643
5 38 472.964088
5 39 117.877266
5 40 45.287887
5 41 298.221572
5 42 205.777514
5 43 84.055755
5 44 496.067132
5 45 65.632176
5 46 372.094356
5 47 213.120291
5 48 86.121638
5 49 712.983615
5 50 76.071109
6 7 181.287593
6 8 633.862023
6 9 142.299338
6 10 203.014680
6 11 383.063341
6 12 546.073415
6 13 597.914506
6 14 287.778209
6 15 178.748015
6 16 582.826624
6 17 188.405908
6 18 309.980246
6 19 1116.639682
6 20 757.666568
6 21 314.709076
6 22 142.358458
6 23 181.736453
6 24 94.810863
6 25 67.075553
6 26 66.700549
6 27 247.385912
6 28 110.663738
6 29 1556.097096
6 30 46.239940
6 31 150.335789
6 32 566.687509
6 33 54.690844
6 34 294.068010
6 35 32.601791
6 36 46.540984
6 37 267.761815
6 38 581.549026
6 39 144.938109
6 40 55.683157
6 41 366.686517
6 42 253.018983
6 43 103.348095
6 44 609.956935
6 45 80.697225
6 46 457.521433
6 47 262.049619
6 48 105.893339
6 49 876.673882
6 50 93.530477
7 8 306.905045
7 9 68.900776
7 10 98.297365
7 11 185.473013
7 12 264.397832
7 13 289.499952
7 14 139.336713
7 15 86.548986
7 16 282.195425
7 17 91.223497
7 18 150.086171
7 19 540.655054
7 20 366.847627
7 21 152.376764
7 22 68.929868
7 23 87.994477
7 24 45.909091
7 25 32.481854
7 26 32.296884
7 27 119.785799
7 28 53.582470
7 29 753.425237
7 30 22.390751
7 31 72.794191
7 32 274.378311
7 33 26.481547
7 34 142.382801
7 35 15.790370
7 36 22.538664
7 37 129.646054
7 38 281.573262
7 39 70.177830
7 40 26.963185
7 41 177.542825
7 42 122.508140
7 43 50.046138
7 44 295.327665
7 45 39.075139
7 46 221.522747
7 47 126.878521
7 48 51.271307
7 49 424.468067
7 50 45.291364
8 9 240.904572
8 10 343.687963
8 11 648.493369
8 12 924.453279
8 13 1012.218462
8 14 487.182750
8 15 302.606776
8 16 986.685875
8 17 318.954684
8 18 524.767448
8 19 1890.373891
8 20 1282.664390
8 21 532.774658
8 22 241.002157
8 23 307.666013
8 24 160.509012
8 25 113.557780
8 26 112.918698
8 27 418.807710
8 28 187.347550
8 29 2634.334801
8 30 78.280252
8 31 254.506453
8 32 959.349399
8 33 92.585979
8 34 497.832950
8 35 55.196814
8 36 78.794003
8 37 453.296063
8 38 984.509675
8 39 245.367571
8 40 94.268020
8 41 620.769013
8 42 428.340670
8 43 174.968288
8 44 1032.601779
8 45 136.616154
8 46 774.543145
8 47 443.624910
8 48 179.267961
8 49 1484.134848
8 50 158.347459
9 10 77.159975
9 11 145.583986
9 12 207.534792
9 13 227.239376
9 14 109.369829
9 15 67.938972
9 16 221.505891
9 17 71.604088
9 18 117.809496
9 19 424.377309
9 20 287.952731
9 21 119.606358
9 22 54.108423
9 23 69.072862
9 24 36.036630
9 25 25.497538
9 26 25.352759
9 27 94.025221
9 28 42.061262
9 29 591.388627
9 30 17.575233
9 31 57.137506
9 32 215.368815
9 33 20.786772
9 34 111.763378
9 35 12.399882
9 36 17.692027
9 37 101.763740
9 38 221.015776
9 39 55.084674
9 40 21.165544
9 41 139.361953
9 42 96.164751
9 43 39.287474
9 44 231.813194
9 45 30.673676
9 46 173.880671
9 47 99.591001
9 48 40.244702
9 49 333.181051
9 50 35.555632
10 11 207.701257
10 12 296.085059
10 13 324.195166
10 14 156.035428
10 15 96.922604
10 16 316.017381
10 17 102.155216
10 18 168.073722
10 19 605.453999
10 20 410.812973
10 21 170.638459
10 22 77.191982
10 23 98.540255
10 24 51.409464
10 25 36.372833
10 26 36.167802
10 27 134.137256
10 28 60.004909
10 29 843.723609
10 30 25.073537
10 31 81.515221
10 32 307.261778
10 33 29.654221
10 34 159.447698
10 35 17.679801
10 36 25.237242
10 37 145.183264
10 38 315.320192
10 39 78.586571
10 40 30.193323
10 41 198.821507
10 42 137.191944
10 43 56.039059
10 44 330.722883
10 45 43.756885
10 46 248.071741
10 47 142.084342
10 48 57.416017
10 49 475.339184
10 50 50.715842
11 12 558.675342
11 13 611.715438
11 14 294.419379
11 15 182.874436
11 16 596.284682
11 17 192.753912
11 18 317.134098
11 19 1142.415659
11 20 775.153533
11 21 321.972868
11 22 145.645343
11 23 185.930928
11 24 97.000309
11 25 68.625904
11 26 68.239872
11 27 253.097734
11 28 113.218949
11 29 1592.008393
11 30 47.308174
11 31 153.806874
11 32 579.765421
11 33 55.953307
11 34 300.855185
11 35 33.357005
11 36 47.616349
11 37 273.942054
11 38 594.971871
11 39 148.283202
11 40 56.969062
11 41 375.150558
11 42 258.859051
11 43 105.734909
11 44 624.033656
11 45 82.560307
11 46 468.080862
11 47 268.096516
11 48 108.337271
11 49 896.907537
11 50 95.692048
12 13 872.023960
12 14 419.708617
12 15 260.693751
12 16 850.019380
12 17 274.779587
12 18 452.088133
12 19 1628.554388
12 20 1105.014895
12 21 458.984421
12 22 207.620663
12 23 265.052676
12 24 138.275917
12 25 97.825496
12 26 97.278336
12 27 360.801334
12 28 161.397384
12 29 2269.483778
12 30 67.438671
12 31 219.256432
12 32 826.481270
12 33 79.763355
12 34 428.881123
12 35 47.550108
12 36 67.877408
12 37 390.514407
12 38 848.155206
12 39 211.385279
12 40 81.211418
12 41 534.791433
12 42 369.013671
12 43 150.730511
12 44 889.587477
12 45 117.691308
12 46 667.269094
12 47 382.184232
12 48 154.439512
12 49 1278.581795
12 50 136.410217
13 14 459.553513
13 15 285.443750
13 16 930.725782
13 17 300.865024
13 18 495.005975
13 19 1783.168822
13 20 1209.919905
13 21 502.559521
13 22 227.332808
13 23 290.215167
13 24 151.405159
13 25 107.117528
13 26 106.515482
13 27 395.051825
13 28 176.721622
13 29 2484.931793
13 30 73.841471
13 31 240.073160
13 32 904.942105
13 33 87.335786
13 34 469.598859
13 35 52.064398
13 36 74.323870
13 37 427.589029
13 38 928.676543
13 39 231.453294
13 40 88.921773
13 41 585.562964
13 42 404.047485
13 43 165.040566
13 44 974.040194
13 45 128.867717
13 46 730.616056
13 47 418.465956
13 48 169.101382
13 49 1399.960114
13 50 149.360406
14 15 137.384412
14 16 447.958167
14 17 144.807335
14 18 238.248953
14 19 858.244601
14 20 582.337695
14 21 241.883181
14 22 109.415069
14 23 139.681876
14 24 72.871283
14 25 51.553723
14 26 51.265145
14 27 190.139393
14 28 85.055628
14 29 1196.008295
14 30 35.540576
14 31 115.547240
14 32 435.552038
14 33 42.034812
14 34 226.018474
14 35 25.058999
14 36 35.771611
14 37 205.799558
14 38 446.974877
14 39 111.400533
14 40 42.798100
14 41 281.832746
14 42 194.468693
14 43 79.433656
14 44 468.808870
14 45 62.022808
14 46 351.647782
14 47 201.409017
14 48 81.389257
14 49 673.805687
14 50 71.888121
15 16 278.241665
15 17 89.945233
15 18 147.983999
15 19 533.079865
15 20 361.708213
15 21 150.242132
15 22 67.966408
15 23 86.762529
15 24 45.265733
15 25 32.026619
15 26 31.845843
15 27 118.105446
15 28 52.833257
15 29 742.871073
15 30 22.076275
15 31 71.772117
15 32 270.533965
15 33 26.110207
15 34 140.389228
15 35 15.567814
15 36 22.221872
15 37 127.829493
15 38 277.628835
15 39 69.193570
15 40 26.585119
15 41 175.055881
15 42 120.795006
15 43 49.343974
15 44 291.190233
15 45 38.528872
15 46 218.418836
15 47 125.100917
15 48 50.553059
15 49 418.520638
15 50 44.655771
16 17 293.273238
16 18 482.513894
16 19 1738.211675
16 20 1179.391566
16 21 489.878935
16 22 221.598282
16 23 282.891724
16 24 147.587472
16 25 104.416098
16 26 103.826572
16 27 385.087355
16 28 172.262992
16 29 2422.230877
16 30 71.977098
16 31 234.017318
16 32 882.109139
16 33 85.131378
16 34 457.749596
16 35 50.753183
16 36 72.449854
16 37 416.800894
16 38 905.252808
16 39 225.612914
16 40 86.680253
16 41 570.790338
16 42 393.850139
16 43 160.883398
16 44 949.464676
16 45 125.614409
16 46 712.182938
16 47 407.904511
16 48 164.833999
16 49 1364.641067
16 50 145.598914
17 18 155.978961
17 19 561.883841
17 20 381.249587
17 21 158.358566
17 22 71.634310
17 23 91.450214
17 24 47.708670
17 25 33.752808
17 26 33.563948
17 27 124.484892
17 28 55.686011
17 29 783.012954
17 30 23.268540
17 31 75.649086
17 32 285.151397
17 33 27.520393
17 34 147.972560
17 35 16.404149
17 36 23.419948
17 37 134.735552
17 38 292.629648
17 39 72.934051
17 40 28.019722
17 41 184.513146
17 42 127.317727
17 43 52.006188
17 44 306.924281
17 45 40.606746
17 46 230.220561
17 47 131.861286
17 48 53.284879
17 49 441.134325
17 50 47.067553
18 19 924.451549
18 20 627.264528
18 21 260.544242
18 22 117.856972
18 23 150.458179
18 24 78.493343
18 25 55.532139
18 26 55.220478
18 27 204.810897
18 28 91.617868
18 29 1288.276947
18 30 38.281295
18 31 124.461908
18 32 469.153949
18 33 45.278319
18 34 243.455224
18 35 26.991936
18 36 38.531127
18 37 221.677082
18 38 481.457711
18 39 119.993631
18 40 46.100114
18 41 303.576492
18 42 209.471779
18 43 85.562738
18 44 504.976298
18 45 66.809419
18 46 378.777299
18 47 216.947940
18 48 87.668089
18 49 725.789947
18 50 77.434250
19 20 2259.594720
19 21 938.556424
19 22 424.553211
19 23 541.992938
19 24 282.758600
19 25 200.045696
19 26 198.923193
19 27 737.785393
19 28 330.034593
19 29 4640.759459
19 30 137.904673
19 31 448.346983
19 32 1690.032968
19 33 163.104314
19 34 877.001465
19 35 97.231754
19 36 138.802528
19 37 798.546155
19 38 1734.364825
19 39 432.253750
19 40 166.066178
19 41 1093.572370
19 42 754.578347
19 43 308.215607
19 44 1819.079818
19 45 240.662155
19 46 1364.469495
19 47 781.510253
19 48 315.806112
19 49 2614.508142
19 50 278.948280
20 21 636.833640
20 22 288.070484
20 23 367.756077
20 24 191.856675
20 25 135.734825
20 26 134.972679
20 27 500.603981
20 28 223.936958
20 29 3148.869455
20 30 93.570597
20 31 304.214963
20 32 1146.726962
20 33 110.670125
20 34 595.064842
20 35 65.973528
20 36 94.180463
20 37 541.832834
20 38 1176.801177
20 39 293.292487
20 40 112.679422
20 41 742.014518
20 42 512.001141
20 43 209.133412
20 44 1234.286255
20 45 163.296262
20 46 925.824207
20 47 530.273450
20 48 214.282104
20 49 1774.007069
20 50 189.266851
21 22 119.656080
21 23 152.753735
21 24 79.691896
21 25 56.381186
21 26 56.064015
21 27 207.933720
21 28 93.015714
21 29 1307.927346
21 30 38.866082
21 31 126.361139
21 32 476.311073
21 33 45.969108
21 34 247.170503
21 35 27.403440
21 36 39.120342
21 37 225.059637
21 38 488.803011
21 39 121.823455
21 40 46.803494
21 41 308.207681
21 42 212.667961
21 43 86.868491
21 44 512.680262
21 45 67.829084
21 46 384.555595
21 47 220.257253
21 48 89.005535
21 49 736.859734
21 50 78.616145
22 23 69.099523
22 24 36.050662
22 25 25.506824
22 26 25.362581
22 27 94.062128
22 28 42.077456
22 29 591.633375
22 30 17.582009
22 31 57.161565
22 32 215.458461
22 33 20.794185
22 34 111.808499
22 35 12.399259
22 36 17.698155
22 37 101.806357
22 38 221.108723
22 39 55.105864
22 40 21.172953
22 41 139.418344
22 42 96.203819
22 43 39.299896
22 44 231.909120
22 45 30.684998
22 46 173.952736
22 47 99.632219
22 48 40.261298
22 49 333.317896
22 50 35.565651
23 24 46.022566
23 25 32.560399
23 26 32.377158
23 27 120.079544
23 28 53.716119
23 29 755.295244
23 30 22.444860
23 31 72.971784
23 32 275.056897
23 33 26.546950
23 34 142.736481
23 35 15.826023
23 36 22.594021
23 37 129.966897
23 38 282.270746
23 39 70.349999
23 40 27.029445
23 41 177.982559
23 42 122.812221
23 43 50.169238
23 44 296.060191
23 45 39.171306
23 46 222.071696
23 47 127.193073
23 48 51.398374
23 49 425.518720
23 50 45.402448
24 25 16.990010
24 26 16.892940
24 27 62.646716
24 28 28.025760
24 29 394.027235
24 30 11.710289
24 31 38.070135
24 32 143.495601
24 33 13.851064
24 34 74.465717
24 35 8.257962
24 36 11.789125
24 37 67.803583
24 38 147.259110
24 39 36.701856
24 40 14.103124
24 41 92.852666
24 42 64.072115
24 43 26.175474
24 44 154.452554
24 45 20.439082
24 46 115.853014
24 47 66.355663
24 48 26.814512
24 49 221.989576
24 50 23.690309
25 26 11.953801
25 27 44.322028
25 28 19.828821
25 29 278.762225
25 30 8.285835
25 31 26.935533
25 32 101.518486
25 33 9.800041
25 34 52.684674
25 35 5.846572
25 36 8.344807
25 37 47.970548
25 38 104.182283
25 39 25.964561
25 40 9.979785
25 41 65.692919
25 42 45.330990
25 43 18.525144
25 44 109.270216
25 45 14.464476
25 46 81.962648
25 47 46.944375
25 48 18.970454
25 49 157.050834
25 50 16.764157
26 27 44.073724
26 28 19.716858
26 29 277.201613
26 30 8.238967
26 31 26.782949
26 32 100.950204
26 33 9.744221
26 34 52.387660
26 35 5.809400
26 36 8.294095
26 37 47.699917
26 38 103.597744
26 39 25.818975
26 40 9.921993
26 41 65.322539
26 42 45.076314
26 43 18.415132
26 44 108.657500
26 45 14.380678
26 46 81.502929
26 47 46.682137
26 48 18.863659
26 49 156.171046
26 50 16.666000
27 28 73.120362
27 29 1028.138374
27 30 30.556189
27 31 99.334028
27 32 374.420458
27 33 36.135694
27 34 194.296644
27 35 21.556330
27 36 30.755678
27 37 176.915389
27 38 384.236714
27 39 95.766164
27 40 36.792863
27 41 242.276584
27 42 167.175663
27 43 68.304007
27 44 403.007642
27 45 53.320623
27 46 302.291265
27 47 173.140091
27 48 69.965269
27 49 579.248425
27 50 61.814597
28 29 459.917687
28 30 13.668086
28 31 44.434069
28 32 167.488915
28 33 16.165684
28 34 86.915847
28 35 9.639604
28 36 13.757841
28 37 79.139690
28 38 171.882530
28 39 42.836462
28 40 16.460092
28 41 108.377952
28 42 74.784744
28 43 30.550877
28 44 180.278506
28 45 23.853905
28 46 135.224888
28 47 77.451311
28 48 31.298331
28 49 259.109171
28 50 27.648361
29 30 192.172224
29 31 624.793001
29 32 2355.153027
29 33 227.291087
29 34 1222.141812
29 35 135.492293
29 36 193.421804
29 37 1112.814976
29 38 2416.918640
29 39 602.367429
29 40 231.417009
29 41 1523.949150
29 42 1051.543469
29 43 429.512389
29 44 2534.982414
29 45 335.367377
29 46 1901.460667
29 47 1089.077206
29 48 440.092971
29 49 3643.462851
29 50 388.709123
30 31 18.567642
30 32 69.983542
30 33 6.754974
30 34 36.317473
30 35 4.029377
30 36 5.750435
30 37 33.068467
30 38 71.819790
30 39 17.901507
30 40 6.877614
30 41 45.284344
30 42 31.248670
30 43 12.763513
30 44 75.328127
30 45 9.966236
30 46 56.502412
30 47 32.362048
30 48 13.077878
30 49 108.267783
30 50 11.553179
31 32 227.533107
31 33 21.960223
31 34 118.073294
31 35 13.094171
31 36 18.689648
31 37 107.511492
31 38 233.500093
31 39 58.195831
31 40 22.359288
31 41 147.231275
31 42 101.592317
31 43 41.500241
31 44 244.906904
31 45 32.403238
31 46 183.702455
31 47 105.216143
31 48 42.517624
31 49 351.997187
31 50 37.556810
32 33 82.774171
32 34 445.070552
32 35 49.343586
32 36 70.439805
32 37 405.256614
32 38 880.173091
32 39 219.364063
32 40 84.276495
32 41 554.979274
32 42 382.942999
32 43 156.417391
32 44 923.168330
32 45 122.133243
32 46 692.457977
32 47 396.610940
32 48 160.269523
32 49 1326.845894
32 50 141.559139
33 34 42.954228
33 35 4.762436
33 36 6.800481
33 37 39.111833
33 38 84.944769
33 39 21.171087
33 40 8.135017
33 41 53.561300
33 42 36.958564
33 43 15.097310
33 44 89.093904
33 45 11.789968
33 46 66.828553
33 47 38.277199
33 48 15.467457
33 49 128.051917
33 50 13.664987
34 35 25.606507
34 36 36.554972
34 37 210.298012
34 38 456.743031
34 39 113.833006
34 40 43.734906
34 41 287.993406
34 42 198.720634
34 43 81.171977
34 44 479.054598
34 45 63.381997
34 46 359.333292
34 47 205.810798
34 48 83.168028
34 49 688.531985
34 50 73.460950
35 36 4.056643
35 37 23.317246
35 38 50.636217
35 39 12.623711
35 40 4.852214
35 41 31.931657
35 42 22.032849
35 43 9.019631
35 44 53.109799
35 45 7.031115
35 46 39.837327
35 47 22.817969
35 48 9.220568
35 49 76.344133
35 50 8.162541
36 37 33.284846
36 38 72.286986
36 39 18.019925
36 40 6.924860
36 41 45.581654
36 42 31.453561
36 43 12.855625
36 44 75.817555
36 45 10.036769
36 46 56.870596
36 47 32.572946
36 48 13.162508
36 49 108.971511
36 50 11.634185
37 38 415.884583
37 39 103.650581
37 40 39.821861
37 41 262.229973
37 42 180.942894
37 43 73.909967
37 44 436.199822
37 45 57.710439
37 46 327.188634
37 47 187.399934
37 48 75.728006
37 49 626.938372
37 50 66.888565
38 39 225.117651
38 40 86.486274
38 41 569.534605
38 42 392.986029
38 43 160.518861
38 44 947.379800
38 45 125.336882
38 46 710.618545
38 47 407.012238
38 48 164.472415
38 49 1361.642530
38 50 145.270444
39 40 21.555281
39 41 141.944686
39 42 97.943809
39 43 40.009809
39 44 236.114107
39 45 31.237347
39 46 177.107651
39 47 101.439513
39 48 40.990894
39 49 339.361785
39 50 36.209938
40 41 54.533761
40 42 37.630273
40 43 15.374165
40 44 90.711419
40 45 12.006081
40 46 68.041527
40 47 38.971135
40 48 15.748599
40 49 130.375902
40 50 13.915249
41 42 247.792447
41 43 101.217948
41 44 597.355665
41 45 79.031163
41 46 448.069419
41 47 256.634952
41 48 103.705863
41 49 858.562913
41 50 91.601136
42 43 69.842960
42 44 412.182665
42 45 54.535070
42 46 309.173733
42 47 177.081823
42 48 71.558524
42 49 592.419489
42 50 63.206849
43 44 168.359913
43 45 22.281911
43 46 126.286871
43 47 72.330954
43 48 29.228580
43 49 241.992483
43 50 25.843639
44 45 131.458474
44 46 745.333370
44 47 426.894212
44 48 172.507078
44 49 1428.157210
44 50 152.368565
45 46 98.605463
45 47 56.477132
45 48 22.823178
45 49 188.940212
45 50 20.166721
46 47 320.208471
46 48 129.395319
46 49 1071.245846
46 50 114.289700
47 48 74.112374
47 49 613.563830
47 50 65.459160
48 49 247.939573
48 50 26.452232
49 50 219.003273
