3.000000
0.100000
-0.900000
0.070000
18
2820.760393
3762.868150
3730.706392
1523.418448
3147.556646
4916.743086
5472.562226
3266.934983
3376.739767
399.730737
6105.846557
2380.082506
20644.148852
864.419332
4362.809744
1487.571257
7403.350478
555.857895
1 2 184.315440
1 3 182.737507
1 4 74.615935
1 5 154.175239
1 6 240.834030
1 7 268.059464
1 8 160.020861
1 9 165.399398
1 10 19.576124
1 11 296.823062
1 12 116.580733
1 13 1011.201462
1 14 42.337996
1 15 213.698484
1 16 72.864405
1 17 362.633771
1 18 27.221778
2 3 243.770666
2 4 99.538443
2 5 205.669324
2 6 321.271309
2 7 357.590531
2 8 213.466792
2 9 220.643079
2 10 26.115314
2 11 395.962564
2 12 155.518960
2 13 1348.934573
2 14 56.481298
2 15 285.071877
2 16 97.202790
2 17 483.751428
2 18 36.314298
3 4 98.687095
3 5 203.909637
3 6 318.521153
3 7 354.528328
3 8 211.641037
3 9 218.754381
3 10 25.894579
3 11 392.574310
3 12 154.187254
3 13 1337.385562
3 14 56.000177
3 15 282.633121
3 16 96.368787
3 17 479.610293
3 18 36.004397
4 5 83.264047
4 6 130.060979
4 7 144.763316
4 8 86.420602
4 9 89.326341
4 10 10.578317
4 11 160.326413
4 12 62.961536
4 13 546.088584
4 14 22.871300
4 15 115.410212
4 16 39.351571
4 17 195.837070
4 18 14.704555
5 6 268.735873
5 7 299.114529
5 8 178.561215
5 9 184.564271
5 10 21.851070
5 11 331.214209
5 12 130.089990
5 13 1128.348791
5 14 47.247870
5 15 238.459051
5 16 81.307046
5 17 404.646124
5 18 30.379000
6 7 467.241251
6 8 278.924248
6 9 288.300799
6 10 34.124649
6 11 517.384433
6 12 203.207011
6 13 1762.572150
6 14 73.800682
6 15 372.488831
6 16 127.007235
6 17 632.088807
6 18 47.450220
7 8 310.455915
7 9 320.891753
7 10 37.980319
7 11 575.868412
7 12 226.178511
7 13 1961.825635
7 14 82.141780
7 15 414.596131
7 16 141.365148
7 17 703.544180
7 18 52.813275
8 9 191.560709
8 10 22.676958
8 11 343.772220
8 12 135.020316
8 13 1171.129427
8 14 49.038789
8 15 247.499473
8 16 84.388638
8 17 419.989035
8 18 31.530953
9 10 23.440116
9 11 355.345216
9 12 139.560002
9 13 1210.497488
9 14 50.686229
9 15 255.819363
9 16 87.226122
9 17 434.105138
9 18 32.589014
10 11 42.022330
10 12 16.521918
10 13 143.271884
10 14 6.007263
10 15 30.285967
10 16 10.324860
10 17 51.383096
10 18 3.863358
11 12 250.463042
11 13 2172.356475
11 14 90.943268
11 15 459.093962
11 16 156.529139
11 17 779.047734
11 18 58.504297
12 13 853.211608
12 14 35.728023
12 15 180.312724
12 16 61.480748
12 17 305.976552
12 18 22.969662
13 14 309.860649
13 15 1563.978305
13 16 533.267211
13 17 2653.978933
13 18 199.225511
14 15 65.491223
14 16 22.329768
14 17 111.124516
14 18 8.344267
15 16 112.696442
15 17 560.871869
15 18 42.106664
16 17 191.239446
16 18 14.356893
17 18 71.448695
