3.000000
0.100000
-0.900000
0.070000
100
6959.767234
19366.869331
24682.728871
2550.107540
14568.489069
29700.164834
240412.226137
4303.460921
147451.852454
20785.009618
19644.127389
27358.074661
14361.488621
34183.370599
17211.301328
884.724944
5028.250846
35683.660990
35621.704986
8400.274871
19222.937882
14698.223244
14066.834671
6880.670040
6263.070641
10853.803407
29002.354308
30770.622777
30361.792964
6748.532778
6650.630550
10291.830376
10990.039683
5405.500472
4509.576022
5890.775630
14847.720451
18462.620787
16922.644722
11664.577862
8688.534817
8915.968629
11094.300620
3785.075111
5290.927656
34354.558735
4054.793983
33257.806720
4447.824064
22297.980082
12877.364767
869.117775
40341.897167
22346.286478
11595.757914
17598.549099
3962.569917
18669.567353
5870.019907
9789.968269
16254.438513
1308.550396
22773.700772
12779.047261
3596.951036
9978.415612
15112.333905
18331.160794
39265.766884
17963.149819
12464.068644
34158.396740
13420.370973
15302.505661
4711.292456
6532.047318
13497.903577
7590.738819
8848.490764
4931.701561
6055.541993
15613.811355
4784.038150
1717.100944
53385.701817
14175.426627
2689.441264
23250.143644
5906.135064
35153.722383
3196.020582
18633.851726
1732.021821
14113.345324
6308.231815
39996.500970
22108.447073
31546.394482
36895.432707
6557.820509
1 2 75.597314
1 3 96.347538
1 4 9.956031
1 5 56.868977
1 6 115.931397
1 7 938.413136
1 8 16.800659
1 9 575.557907
1 10 81.132990
1 11 76.679958
1 12 106.789708
1 13 56.059612
1 14 133.431714
1 15 67.184289
1 16 3.453412
1 17 19.629463
1 18 139.287616
1 19 139.045577
1 20 32.790019
1 21 75.035216
1 22 57.373560
1 23 54.909034
1 24 26.860602
1 25 24.450250
1 26 42.367987
1 27 113.208727
1 28 120.110196
1 29 118.512649
1 30 26.343138
1 31 25.960174
1 32 40.173176
1 33 42.896089
1 34 21.102032
1 35 17.602519
1 36 22.996367
1 37 57.957462
1 38 72.067968
1 39 66.055914
1 40 45.533260
1 41 33.914235
1 42 34.806779
1 43 43.306190
1 44 14.774677
1 45 20.654675
1 46 134.100269
1 47 15.829738
1 48 129.818963
1 49 17.364197
1 50 87.037957
1 51 50.266029
1 52 3.392827
1 53 157.469549
1 54 87.227476
1 55 45.264236
1 56 68.695221
1 57 15.468230
1 58 72.876188
1 59 22.915072
1 60 38.215190
1 61 63.449149
1 62 5.108821
1 63 88.894861
1 64 49.883111
1 65 14.040247
1 66 38.951084
1 67 58.989420
1 68 71.553741
1 69 153.270203
1 70 70.120585
1 71 48.654323
1 72 133.334820
1 73 52.386393
1 74 59.733649
1 75 18.394427
1 76 25.500137
1 77 52.688960
1 78 29.630687
1 79 34.539303
1 80 19.250781
1 81 23.640031
1 82 60.947932
1 83 18.675986
1 84 6.703050
1 85 208.388071
1 86 55.333440
1 87 10.498727
1 88 90.755704
1 89 23.055523
1 90 137.219306
1 91 12.478842
1 92 72.736675
1 93 6.763751
1 94 55.091928
1 95 24.625168
1 96 156.121452
1 97 86.298773
1 98 123.139024
1 99 144.016366
1 100 25.600079
2 3 268.107329
2 4 27.696248
2 5 158.243647
2 6 322.606597
2 7 2611.392759
2 8 46.742321
2 9 1601.643771
2 10 225.769321
2 11 213.377134
2 12 297.167468
2 13 155.995852
2 14 371.304981
2 15 186.950830
2 16 9.606382
2 17 54.616006
2 18 387.601362
2 19 386.927440
2 20 91.244638
2 21 208.799893
2 22 159.654020
2 23 152.794072
2 24 74.737318
2 25 68.029443
2 26 117.894987
2 27 315.027126
2 28 334.234338
2 29 329.794396
2 30 73.303795
2 31 72.239218
2 32 111.786789
2 33 119.369889
2 34 58.714855
2 35 48.983526
2 36 63.984215
2 37 161.276352
2 38 200.542082
2 39 183.815729
2 40 126.701314
2 41 94.373043
2 42 96.845613
2 43 120.507485
2 44 41.114112
2 45 57.467919
2 46 373.162363
2 47 44.042685
2 48 361.251078
2 49 48.312330
2 50 242.203717
2 51 139.873568
2 52 9.436578
2 53 438.198599
2 54 242.727636
2 55 125.952966
2 56 191.156856
2 57 43.039624
2 58 202.789087
2 59 63.758390
2 60 106.339090
2 61 176.556506
2 62 14.212155
2 63 247.370797
2 64 138.806968
2 65 39.070288
2 66 108.386284
2 67 164.152423
2 68 199.114671
2 69 426.509151
2 70 195.117923
2 71 135.385731
2 72 371.028954
2 73 145.772745
2 74 166.216498
2 75 51.174412
2 76 70.949955
2 77 146.615400
2 78 82.450968
2 79 96.113069
2 80 53.568301
2 81 65.775163
2 82 169.596845
2 83 51.962647
2 84 18.649989
2 85 579.883007
2 86 153.973586
2 87 29.210667
2 88 252.545990
2 89 64.152423
2 90 381.842855
2 91 34.714867
2 92 202.402721
2 93 18.812503
2 94 153.299882
2 95 68.520521
2 96 434.447381
2 97 240.143748
2 98 342.660268
2 99 400.763626
2 100 71.230581
3 4 35.299226
3 5 201.678496
3 6 411.156405
3 7 3328.169556
3 8 59.572788
3 9 2041.264411
3 10 287.738948
3 11 271.945298
3 12 378.733774
3 13 198.812897
3 14 473.221384
3 15 238.265399
3 16 12.242180
3 17 69.607376
3 18 493.989913
3 19 493.132053
3 20 116.289310
3 21 266.111357
3 22 203.475812
3 23 194.733618
3 24 95.250901
3 25 86.701919
3 26 150.255069
3 27 401.496650
3 28 425.975205
3 29 420.316576
3 30 93.423723
3 31 92.068187
3 32 142.471177
3 33 152.135262
3 34 74.830446
3 35 62.428559
3 36 81.546630
3 37 205.543837
3 38 255.587077
3 39 234.269554
3 40 161.479109
3 41 120.277366
3 42 123.427934
3 43 153.584752
3 44 52.399104
3 45 73.242418
3 46 475.589027
3 47 56.131467
3 48 460.407465
3 49 61.573155
3 50 308.683830
3 51 178.266847
3 52 12.028006
3 53 558.475972
3 54 309.351639
3 55 160.525425
3 56 243.626191
3 57 54.854029
3 58 258.450791
3 59 81.259492
3 60 135.526855
3 61 225.018539
3 62 18.114079
3 63 315.270052
3 64 176.906474
3 65 49.794360
3 66 138.136444
3 67 209.208639
3 68 253.768060
3 69 543.577581
3 70 248.674529
3 71 172.546054
3 72 472.870717
3 73 185.784308
3 74 211.839863
3 75 65.221640
3 76 90.425244
3 77 186.858279
3 78 105.082159
3 79 122.494678
3 80 68.271914
3 81 83.828564
3 82 216.148260
3 83 66.225863
3 84 23.769395
3 85 739.050079
3 86 196.236873
3 87 37.228356
3 88 321.864910
3 89 81.760405
3 90 486.652669
3 91 44.243317
3 92 257.959348
3 93 23.976797
3 94 195.378353
3 95 87.326655
3 96 553.694959
3 97 306.058912
3 98 436.714108
3 99 510.765491
3 100 90.782380
4 5 20.839794
4 6 42.474650
4 7 343.782714
4 8 6.164534
4 9 210.855133
4 10 29.724805
4 11 28.093065
4 12 39.124314
4 13 20.542048
4 14 48.883220
4 15 24.616869
4 16 1.267236
4 17 7.196829
4 18 51.029647
4 19 50.940536
4 20 12.015488
4 21 27.499674
4 22 21.021993
4 23 20.120924
4 24 9.843670
4 25 8.963573
4 26 15.525910
4 27 41.477516
4 28 44.006112
4 29 43.415961
4 30 9.653423
4 31 9.513245
4 32 14.734963
4 33 15.717161
4 34 7.733919
4 35 6.449196
4 36 8.431570
4 37 21.243648
4 38 26.406091
4 39 24.200459
4 40 16.684597
4 41 12.431194
4 42 12.754059
4 43 15.868702
4 44 5.413280
4 45 7.576898
4 46 49.132890
4 47 5.804043
4 48 47.559379
4 49 6.367424
4 50 31.889516
4 51 18.420109
4 52 1.239137
4 53 57.690748
4 54 31.959125
4 55 16.585734
4 56 25.169135
4 57 5.669983
4 58 26.705223
4 59 8.402366
4 60 14.003431
4 61 23.249085
4 62 1.875429
4 63 32.570099
4 64 18.277966
4 65 5.144263
4 66 14.272862
4 67 21.612482
4 68 26.215415
4 69 56.153959
4 70 25.691631
4 71 17.829305
4 72 48.854503
4 73 19.195226
4 74 21.889387
4 75 6.742615
4 76 9.354666
4 77 19.307368
4 78 10.857307
4 79 12.655445
4 80 7.053488
4 81 8.664196
4 82 22.335561
4 83 6.847762
4 84 2.459159
4 85 76.347363
4 86 20.278043
4 87 3.843248
4 88 33.251246
4 89 8.451922
4 90 50.276680
4 91 4.574200
4 92 26.649597
4 93 2.481012
4 94 20.186166
4 95 9.024936
4 96 57.197604
4 97 31.619548
4 98 45.116661
4 99 52.760414
4 100 9.383981
5 6 242.674639
5 7 1964.354030
5 8 35.164309
5 9 1204.796926
5 10 169.831845
5 11 160.509826
5 12 223.537630
5 13 117.346598
5 14 279.305424
5 15 140.631626
5 16 7.228741
5 17 41.087775
5 18 291.564633
5 19 291.057224
5 20 68.637243
5 21 157.068945
5 22 120.097705
5 23 114.939259
5 24 56.222579
5 25 51.177982
5 26 88.685177
5 27 236.972871
5 28 251.420953
5 29 248.079278
5 30 55.141806
5 31 54.341972
5 32 84.091223
5 33 89.793473
5 34 44.168076
5 35 36.846984
5 36 48.133949
5 37 121.318856
5 38 150.856288
5 39 138.271707
5 40 95.310287
5 41 70.993401
5 42 72.852961
5 43 90.649787
5 44 30.927540
5 45 43.232479
5 46 280.703981
5 47 33.133216
5 48 271.743725
5 49 36.343460
5 50 182.192259
5 51 105.219818
5 52 7.096389
5 53 329.626017
5 54 182.588915
5 55 94.747762
5 56 143.795452
5 57 32.378011
5 58 152.545782
5 59 47.964567
5 60 79.993836
5 61 132.813380
5 62 10.693036
5 63 186.079823
5 64 104.417102
5 65 29.390227
5 66 81.533192
5 67 123.480192
5 68 149.780769
5 69 320.832707
5 70 146.774905
5 71 101.842905
5 72 279.098832
5 73 109.656411
5 74 125.036471
5 75 38.497031
5 76 53.375358
5 77 110.290461
5 78 62.023195
5 79 72.299382
5 80 40.296193
5 81 49.480556
5 82 127.577229
5 83 39.091254
5 84 14.030435
5 85 436.204634
5 86 115.826334
5 87 21.974666
5 88 189.973896
5 89 48.258802
5 90 287.235868
5 91 26.116023
5 92 152.255548
5 93 14.153994
5 94 115.318685
5 95 51.546520
5 96 326.803100
5 97 180.645174
5 98 257.760622
5 99 301.464495
5 100 53.585750
6 7 4004.711035
6 8 71.683933
6 9 2456.206095
6 10 346.229057
6 11 327.224573
6 12 455.721481
6 13 239.227557
6 14 569.415342
6 15 286.698872
6 16 14.729894
6 17 83.756775
6 18 594.406391
6 19 593.374638
6 20 139.927998
6 21 320.205569
6 22 244.837590
6 23 234.317375
6 24 114.613066
6 25 104.325156
6 26 180.798776
6 27 483.111017
6 28 512.567160
6 29 505.757435
6 30 112.414535
6 31 110.783495
6 32 171.431657
6 33 183.059478
6 34 90.041558
6 35 75.118632
6 36 98.122449
6 37 247.326196
6 38 307.541681
6 39 281.890404
6 40 194.303581
6 41 144.725906
6 42 148.516806
6 43 184.805321
6 44 63.051284
6 45 88.129738
6 46 572.264469
6 47 67.540902
6 48 553.997153
6 49 74.088867
6 50 371.432457
6 51 214.504324
6 52 14.471605
6 53 672.001429
6 54 372.235562
6 55 193.155260
6 56 293.149322
6 57 66.004342
6 58 310.988552
6 59 97.777044
6 60 163.076600
6 61 270.758970
6 62 21.795869
6 63 379.356519
6 64 212.867467
6 65 59.916374
6 66 166.215430
6 67 251.736102
6 68 305.353120
6 69 654.074579
6 70 299.222474
6 71 207.619649
6 72 568.996410
6 73 223.550772
6 74 254.902197
6 75 78.477526
6 76 108.806137
6 77 224.841738
6 78 126.443043
6 79 147.395310
6 80 82.150370
6 81 100.868827
6 82 260.086152
6 83 79.688309
6 84 28.601803
6 85 889.280235
6 86 236.127479
6 87 44.796430
6 88 387.292270
6 89 98.380030
6 90 585.579212
6 91 53.235831
6 92 310.395004
6 93 28.849558
6 94 235.093675
6 95 105.078381
6 96 666.248188
6 97 368.273491
6 98 525.487997
6 99 614.591945
6 100 109.236246
7 8 580.217975
7 9 19882.279887
7 10 2802.618560
7 11 2648.775513
7 12 3688.923750
7 13 1936.460490
7 14 4609.244208
7 15 2320.724871
7 16 119.243664
7 17 677.961401
7 18 4811.543909
7 19 4803.184218
7 20 1132.673131
7 21 2591.942457
7 22 1981.876965
7 23 1896.712357
7 24 927.729420
7 25 844.458456
7 26 1463.476021
7 27 3910.615835
7 28 4149.056204
7 29 4093.966050
7 30 909.947697
7 31 896.754035
7 32 1387.671866
7 33 1481.807941
7 34 728.842168
7 35 608.063392
7 36 794.250933
7 37 2002.008961
7 38 2489.436396
7 39 2281.814288
7 40 1572.797571
7 41 1171.501973
7 42 1202.174965
7 43 1495.921800
7 44 510.374897
7 45 713.363354
7 46 4632.299908
7 47 546.702255
7 48 4484.436719
7 49 599.698736
7 50 3006.622663
7 51 1736.329820
7 52 117.151363
7 53 5439.646176
7 54 3013.122297
7 55 1563.505378
7 56 2372.943085
7 57 534.265358
7 58 2517.329187
7 59 791.461379
7 60 1320.029807
7 61 2191.679127
7 62 176.423144
7 63 3070.768200
7 64 1723.080562
7 65 485.004147
7 66 1345.452272
7 67 2037.718003
7 68 2471.739901
7 69 5294.527752
7 70 2422.093138
7 71 1680.599585
7 72 4605.801594
7 73 1809.548623
7 74 2063.322788
7 75 635.219423
7 76 880.718675
7 77 1820.008846
7 78 1023.501608
7 79 1193.115037
7 80 664.973075
7 81 816.484870
7 82 2105.299362
7 83 645.024385
7 84 231.512224
7 85 7198.438347
7 86 1911.357545
7 87 362.606870
7 88 3134.999349
7 89 796.342471
7 90 4740.044465
7 91 430.907519
7 92 2512.533968
7 93 233.510825
7 94 1902.990265
7 95 850.553102
7 96 5393.074831
7 97 2981.045774
7 98 4253.654856
7 99 4974.943372
7 100 884.204874
8 9 355.866705
8 10 50.165090
8 11 47.412571
8 12 66.028895
8 13 34.664464
8 14 82.500579
8 15 41.541866
8 16 2.136726
8 17 12.139382
8 18 86.122565
8 19 85.973901
8 20 20.274514
8 21 46.399623
8 22 35.475720
8 23 33.950608
8 24 16.611265
8 25 15.119865
8 26 26.198913
8 27 69.998437
8 28 74.266298
8 29 73.275917
8 30 16.289457
8 31 16.051538
8 32 24.845513
8 33 26.527327
8 34 13.049615
8 35 10.883503
8 36 14.221266
8 37 35.838221
8 38 44.565752
8 39 40.844323
8 40 28.157645
8 41 20.972842
8 42 21.522892
8 43 26.778124
8 44 9.135332
8 45 12.776555
8 46 82.916123
8 47 9.790392
8 48 80.267332
8 49 10.739329
8 50 53.817436
8 51 31.083814
8 52 2.100057
8 53 97.364077
8 54 53.933902
8 55 27.988955
8 56 42.476465
8 57 9.566306
8 58 45.063365
8 59 14.171147
8 60 23.632514
8 61 39.235900
8 62 3.159510
8 63 54.964714
8 64 30.845425
8 65 8.681481
8 66 24.086364
8 67 36.474234
8 68 44.242541
8 69 94.769918
8 70 43.357441
8 71 30.085233
8 72 82.445824
8 73 32.393958
8 74 36.938028
8 75 11.375315
8 76 15.770421
8 77 32.579041
8 78 18.323129
8 79 21.356091
8 80 11.904480
8 81 14.619341
8 82 37.688634
8 83 11.550417
8 84 4.145445
8 85 128.847970
8 86 34.215695
8 87 6.491675
8 88 56.115577
8 89 14.257586
8 90 84.849076
8 91 7.717333
8 92 44.974874
8 93 4.184298
8 94 34.066357
8 95 15.228653
8 96 96.530991
8 97 53.360866
8 98 76.138487
8 99 89.046254
8 100 15.830558
9 10 1718.926710
9 11 1624.570909
9 12 2262.524013
9 13 1187.687878
9 14 2826.983156
9 15 1423.368508
9 16 73.134823
9 17 415.814768
9 18 2951.057751
9 19 2945.931323
9 20 694.701000
9 21 1589.715643
9 22 1215.542379
9 23 1163.309845
9 24 569.006450
9 25 517.932686
9 26 897.594524
9 27 2398.495894
9 28 2544.736798
9 29 2510.946118
9 30 558.098671
9 31 550.005593
9 32 851.099934
9 33 908.835257
9 34 447.021095
9 35 372.942724
9 36 487.139014
9 37 1227.891445
9 38 1526.844302
9 39 1399.502783
9 40 964.644933
9 41 718.516823
9 42 737.330946
9 43 917.492977
9 44 313.027474
9 45 437.528036
9 46 2841.123427
9 47 335.309922
9 48 2750.433937
9 49 367.815405
9 50 1844.049453
9 51 1064.942008
9 52 71.851383
9 53 3336.292145
9 54 1848.035997
9 55 958.944945
9 56 1455.395353
9 57 327.682612
9 58 1543.952467
9 59 485.427310
9 60 809.614086
9 61 1344.224218
9 62 108.206348
9 63 1883.392043
9 64 1056.816431
9 65 297.466943
9 66 825.205493
9 67 1249.792062
9 68 1515.989234
9 69 3247.286718
9 70 1485.542661
9 71 1030.762567
9 72 2824.873500
9 73 1109.849959
9 74 1265.498061
9 75 389.602675
9 76 540.173179
9 77 1116.265217
9 78 627.744035
9 79 731.772069
9 80 407.847787
9 81 500.774748
9 82 1291.242676
9 83 395.613980
9 84 141.993245
9 85 4415.011942
9 86 1172.292545
9 87 222.397527
9 88 1922.786756
9 89 488.420679
9 90 2907.209545
9 91 264.290038
9 92 1541.012415
9 93 143.220498
9 94 1167.159968
9 95 521.670023
9 96 3307.728624
9 97 1828.362522
9 98 2608.890309
9 99 3051.275428
9 100 542.310331
10 11 229.002011
10 12 318.927420
10 13 167.418442
10 14 398.494241
10 15 200.640914
10 16 10.309548
10 17 58.615575
10 18 415.984804
10 19 415.261456
10 20 97.926248
10 21 224.089297
10 22 171.344799
10 23 163.982290
10 24 80.209389
10 25 73.010599
10 26 126.526475
10 27 338.093894
10 28 358.709156
10 29 353.944303
10 30 78.670327
10 31 77.529032
10 32 119.972067
10 33 128.107218
10 34 63.013682
10 35 52.570323
10 36 68.669599
10 37 173.086071
10 38 215.226992
10 39 197.275159
10 40 135.978100
10 41 101.283486
10 42 103.936948
10 43 129.331196
10 44 44.124834
10 45 61.676789
10 46 400.487854
10 47 47.267509
10 48 387.704547
10 49 51.848918
10 50 259.938792
10 51 150.115903
10 52 10.130667
10 53 470.286459
10 54 260.502180
10 55 135.176348
10 56 205.154711
10 57 46.191081
10 58 217.637368
10 59 68.428353
10 60 114.125285
10 61 189.484063
10 62 15.253675
10 63 265.484901
10 64 148.970735
10 65 41.931337
10 66 116.323009
10 67 176.171856
10 68 213.695702
10 69 457.741323
10 70 209.404792
10 71 145.298925
10 72 398.197216
10 73 156.446575
10 74 178.387372
10 75 54.920056
10 76 76.145384
10 77 157.350385
10 78 88.488493
10 79 103.150849
10 80 57.491158
10 81 70.591575
10 82 182.014388
10 83 55.767555
10 84 20.016096
10 85 622.344707
10 86 165.248396
10 87 31.350220
10 88 271.038537
10 89 68.850612
10 90 409.803146
10 91 37.256879
10 92 217.223570
10 93 20.190301
10 94 164.525963
10 95 73.537339
10 96 466.259989
10 97 257.728510
10 98 367.752622
10 99 430.109927
10 100 76.445913
11 12 301.420873
11 13 158.228994
11 14 376.620221
11 15 189.627488
11 16 9.744538
11 17 55.399190
11 18 393.150268
11 19 392.467069
11 20 92.551158
11 21 211.788978
11 22 161.940206
11 23 154.981357
11 24 75.808742
11 25 69.004297
11 26 119.582435
11 27 319.536148
11 28 339.018959
11 29 334.515543
11 30 74.352609
11 31 73.274593
11 32 113.387876
11 33 121.075957
11 34 59.554604
11 35 49.684899
11 36 64.902253
11 37 163.585074
11 38 203.412913
11 39 186.447744
11 40 128.514949
11 41 95.725492
11 42 98.233294
11 43 122.232283
11 44 41.702745
11 45 58.292279
11 46 378.505926
11 47 44.673567
11 48 366.422375
11 49 49.003430
11 50 245.670617
11 51 141.876129
11 52 9.570567
11 53 444.472051
11 54 246.203120
11 55 127.757403
11 56 193.894280
11 57 43.656396
11 58 205.693197
11 59 64.673112
11 60 107.861986
11 61 179.083682
11 62 14.417608
11 63 250.911837
11 64 140.794582
11 65 39.629716
11 66 109.939573
11 67 166.501846
11 68 201.966198
11 69 432.614964
11 70 197.911445
11 71 137.323617
11 72 376.343117
11 73 147.859570
11 74 168.596281
11 75 51.907409
11 76 71.966697
11 77 148.714401
11 78 83.631959
11 79 97.489540
11 80 54.335345
11 81 66.717773
11 82 172.025208
11 83 52.708264
11 84 18.918661
11 85 588.184256
11 86 156.178469
11 87 29.629362
11 88 256.161355
11 89 65.070566
11 90 387.308776
11 91 35.212838
11 92 205.300697
11 93 19.083760
11 94 155.495606
11 95 69.501304
11 96 440.666557
11 97 243.581816
11 98 347.565957
11 99 406.500681
11 100 72.250424
12 13 220.362781
12 14 524.514496
12 15 264.090785
12 16 13.570391
12 17 77.151052
12 18 547.534974
12 19 546.583931
12 20 128.894186
12 21 294.954002
12 22 225.531159
12 23 215.838747
12 24 105.573952
12 25 96.098059
12 26 166.540168
12 27 445.014068
12 28 472.147079
12 29 465.876675
12 30 103.550055
12 31 102.047406
12 32 157.913353
12 33 168.623977
12 34 82.941562
12 35 69.195132
12 36 90.385079
12 37 227.822140
12 38 283.290056
12 39 259.662417
12 40 178.979724
12 41 133.314514
12 42 136.804846
12 43 170.230789
12 44 58.078824
12 45 81.179496
12 46 527.137806
12 47 62.214189
12 48 510.311681
12 49 68.246095
12 50 342.142651
12 51 197.588872
12 52 13.330775
12 53 619.010810
12 54 342.882632
12 55 177.922600
12 56 270.032888
12 57 60.799783
12 58 286.463565
12 59 90.066497
12 60 150.216457
12 61 249.406970
12 62 20.076827
12 63 349.442208
12 64 196.081706
12 65 55.191640
12 66 153.109114
12 67 231.885323
12 68 281.274905
12 69 602.497644
12 70 275.626624
12 71 191.247015
12 72 524.124949
12 73 205.921029
12 74 234.800049
12 75 72.288006
12 76 100.224294
12 77 207.111113
12 78 116.471522
12 79 135.771849
12 80 75.671707
12 81 92.914384
12 82 239.576589
12 83 73.403139
12 84 26.345659
12 85 819.155088
12 86 217.506266
12 87 41.262453
12 88 356.752035
12 89 90.622095
12 90 539.400385
12 91 49.037449
12 92 285.918851
12 93 26.574259
12 94 216.554065
12 95 96.790777
12 96 613.711330
12 97 339.232782
12 98 484.050559
12 99 566.129283
12 100 100.620788
13 14 275.338238
13 15 138.633321
13 16 7.124615
13 17 40.501288
13 18 287.423429
13 19 286.924195
13 20 67.662173
13 21 154.835595
13 22 118.391199
13 23 113.304852
13 24 55.421927
13 25 50.447392
13 26 87.424312
13 27 233.606743
13 28 247.849774
13 29 244.556556
13 30 54.358014
13 31 53.568458
13 32 82.898261
13 33 88.519579
13 34 43.540720
13 35 36.323222
13 36 47.449678
13 37 119.595339
13 38 148.712084
13 39 136.307092
13 40 93.955726
13 41 69.981965
13 42 71.816231
13 43 89.362676
13 44 30.488082
13 45 42.617200
13 46 276.717259
13 47 32.661906
13 48 267.883322
13 49 35.826878
13 50 179.604743
13 51 103.724311
13 52 6.996923
13 53 324.944175
13 54 179.993828
13 55 93.400705
13 56 141.751942
13 57 31.918429
13 58 150.380079
13 59 47.281873
13 60 78.855650
13 61 130.926808
13 62 10.539006
13 63 183.436534
13 64 102.933425
13 65 28.972153
13 66 80.374741
13 67 121.726163
13 68 147.652582
13 69 316.276191
13 70 144.689004
13 71 100.396077
13 72 275.138398
13 73 108.098238
13 74 123.258904
13 75 37.948593
13 76 52.616169
13 77 108.723315
13 78 61.141460
13 79 71.270477
13 80 39.724833
13 81 48.776547
13 82 125.764452
13 83 38.533842
13 84 13.831021
13 85 430.009068
13 86 114.180319
13 87 21.660926
13 88 187.274718
13 89 47.574059
13 90 283.155488
13 91 25.743509
13 92 150.090665
13 93 13.951005
13 94 113.679671
13 95 50.812164
13 96 322.162040
13 97 178.078285
13 98 254.098340
13 99 297.183553
13 100 52.821969
14 15 329.976528
14 16 16.955331
14 17 96.398006
14 18 684.135633
14 19 682.946373
14 20 161.050479
14 21 368.538942
14 22 281.796007
14 23 269.686631
14 24 131.912041
14 25 120.072491
14 26 208.087607
14 27 556.036607
14 28 589.938845
14 29 582.104745
14 30 129.382954
14 31 127.506471
14 32 197.309531
14 33 210.690185
14 34 103.632275
14 35 86.458296
14 36 112.933056
14 37 284.658824
14 38 353.965109
14 39 324.442777
14 40 223.632136
14 41 166.572674
14 42 170.935777
14 43 212.700431
14 44 72.568431
14 45 101.430982
14 46 658.649877
14 47 77.735177
14 48 637.625528
14 49 85.272084
14 50 427.500472
14 51 246.883067
14 52 16.658886
14 53 773.442343
14 54 428.425574
14 55 222.311243
14 56 337.400489
14 57 75.966006
14 58 357.930449
14 59 112.535803
14 60 187.692249
14 61 311.627740
14 62 25.086033
14 63 436.622024
14 64 244.999347
14 65 68.960922
14 66 191.305913
14 67 289.735640
14 68 351.447562
14 69 752.809389
14 70 344.390775
14 71 238.960055
14 72 654.881775
14 73 257.294210
14 74 293.377652
14 75 90.323148
14 76 125.228250
14 77 258.781762
14 78 145.528343
14 79 169.644906
14 80 94.550538
14 81 116.094840
14 82 299.344695
14 83 91.715643
14 84 32.918490
14 85 1023.520616
14 86 271.769019
14 87 51.558287
14 88 445.754617
14 89 113.230195
14 90 673.968535
14 91 61.271480
14 92 357.249514
14 93 33.204330
14 94 270.580390
14 95 120.938350
14 96 766.820888
14 97 423.864598
14 98 604.811662
14 99 707.368209
14 100 125.723755
15 16 8.536151
15 17 48.539139
15 18 344.459530
15 19 343.860306
15 20 81.089427
15 21 185.560616
15 22 141.884976
15 23 135.788068
15 24 66.419774
15 25 60.459132
15 26 104.773459
15 27 279.963041
15 28 297.032160
15 29 293.085799
15 30 65.145328
15 31 64.200546
15 32 99.348950
15 33 106.083373
15 34 52.180109
15 35 43.531546
15 36 56.865300
15 37 143.328107
15 38 178.222100
15 39 163.356411
15 40 112.599781
15 41 83.868487
15 42 86.068257
15 43 107.096351
15 44 36.538261
15 45 51.074329
15 46 331.628617
15 47 39.142471
15 48 321.042067
15 49 42.936367
15 50 215.245338
15 51 124.307775
15 52 8.392439
15 53 389.424764
15 54 215.711625
15 55 111.935491
15 56 169.881440
15 57 38.249305
15 58 180.217569
15 59 56.664457
15 60 94.503663
15 61 156.904798
15 62 12.632544
15 63 219.837646
15 64 123.357765
15 65 34.721777
15 66 96.323778
15 67 145.880940
15 68 176.952624
15 69 379.037184
15 70 173.400661
15 71 120.318277
15 72 329.730721
15 73 129.548466
15 74 147.716866
15 75 45.479036
15 76 63.056221
15 77 130.297061
15 78 73.274281
15 79 85.415598
15 80 47.605954
15 81 58.456498
15 82 150.720456
15 83 46.181357
15 84 16.576198
15 85 515.338255
15 86 136.837533
15 87 25.958656
15 88 224.437145
15 89 57.013256
15 90 339.340405
15 91 30.852650
15 92 179.874531
15 93 16.720662
15 94 136.238667
15 95 60.895473
15 96 386.091648
15 97 213.416544
15 98 304.520874
15 99 356.155863
15 100 63.304603
16 17 2.496216
16 18 17.700422
16 19 17.666273
16 20 4.166811
16 21 9.535273
16 22 7.292212
16 23 6.980170
16 24 3.414134
16 25 3.105886
16 26 5.385419
16 27 14.385670
16 28 15.263528
16 29 15.060907
16 30 3.346509
16 31 3.296774
16 32 5.108858
16 33 5.452984
16 34 2.681039
16 35 2.237020
16 36 2.920730
16 37 7.364069
16 38 9.155132
16 39 8.398480
16 40 5.787335
16 41 4.318607
16 42 4.425256
16 43 5.502873
16 44 1.877385
16 45 2.627592
16 46 17.043478
16 47 2.009929
16 48 16.495681
16 49 2.208636
16 50 11.059971
16 51 6.390325
16 52 0.443663
16 53 20.009973
16 54 11.086897
16 55 5.751493
16 56 8.727817
16 57 1.967226
16 58 9.263598
16 59 2.913564
16 60 4.857992
16 61 8.063412
16 62 0.648610
16 63 11.296676
16 64 6.339366
16 65 1.785119
16 66 4.947695
16 67 7.497074
16 68 9.093285
16 69 19.478190
16 70 8.911844
16 71 6.182642
16 72 16.938495
16 73 6.656240
16 74 7.590410
16 75 2.338497
16 76 3.242021
16 77 6.696712
16 78 3.765206
16 79 4.387947
16 80 2.447007
16 81 3.003990
16 82 7.744310
16 83 2.374759
16 84 0.849375
16 85 26.482668
16 86 7.027965
16 87 1.330428
16 88 11.532660
16 89 2.930627
16 90 17.429854
16 91 1.585403
16 92 9.244557
16 93 0.861746
16 94 6.999409
16 95 3.129889
16 96 19.838554
16 97 10.966459
16 98 15.646035
16 99 18.299650
16 100 3.254081
17 18 100.630458
17 19 100.454167
17 20 23.690300
17 21 54.212358
17 22 41.451117
17 23 39.671659
17 24 19.408589
17 25 17.667180
17 26 30.610828
17 27 81.789669
17 28 86.775401
17 29 85.619964
17 30 19.032231
17 31 18.754099
17 32 29.026870
17 33 30.991292
17 34 15.245444
17 35 12.716984
17 36 16.616376
17 37 41.873592
17 38 52.066254
17 39 47.723209
17 40 32.897158
17 41 24.505997
17 42 25.147079
17 43 31.288339
17 44 10.674848
17 45 14.924975
17 46 96.882494
17 47 11.438862
17 48 93.789373
17 49 12.545889
17 50 62.881337
17 51 36.317297
17 52 2.449325
17 53 113.766162
17 54 63.019500
17 55 32.703210
17 56 49.631894
17 57 11.176455
17 58 52.650788
17 59 16.558061
17 60 27.610609
17 61 45.841374
17 62 3.692428
17 63 64.222961
17 64 36.040167
17 65 10.143395
17 66 28.142949
17 67 42.617793
17 68 51.694940
17 69 110.732113
17 70 50.659161
17 71 35.152564
17 72 96.331465
17 73 37.847585
17 74 43.157248
17 75 13.289221
17 76 18.424603
17 77 38.067907
17 78 21.407919
17 79 24.954060
17 80 13.908190
17 81 17.079827
17 82 44.033237
17 83 13.494726
17 84 4.843564
17 85 150.551284
17 86 39.978684
17 87 7.583828
17 88 65.568454
17 89 16.657821
17 90 99.135898
17 91 9.016947
17 92 52.550534
17 93 4.888208
17 94 39.802822
17 95 17.792422
17 96 112.791440
17 97 62.348806
17 98 88.964180
17 99 104.044714
17 100 18.497443
18 19 712.920844
18 20 168.119726
18 21 384.714488
18 22 294.165073
18 23 281.522125
18 24 137.702564
18 25 125.342951
18 26 217.220326
18 27 580.440373
18 28 615.831821
18 29 607.653277
18 30 135.061584
18 31 133.103000
18 32 205.969621
18 33 219.937601
18 34 108.180349
18 35 90.252826
18 36 117.890036
18 37 297.152066
18 38 369.501287
18 39 338.681843
18 40 233.446844
18 41 173.882733
18 42 178.437475
18 43 222.035744
18 44 75.753324
18 45 105.884163
18 46 687.556944
18 47 81.146581
18 48 665.611382
18 49 89.013513
18 50 446.263675
18 51 257.718652
18 52 17.388874
18 53 807.388387
18 54 447.229204
18 55 232.069628
18 56 352.209588
18 57 79.299446
18 58 373.641112
18 59 117.476234
18 60 195.929557
18 61 325.303940
18 62 26.187186
18 63 455.784285
18 64 255.751796
18 65 71.987723
18 66 199.703233
18 67 302.451650
18 68 366.873857
18 69 785.850704
18 70 359.504394
18 71 249.448117
18 72 683.623454
18 73 268.586532
18 74 306.254407
18 75 94.284903
18 76 130.725281
18 77 270.139243
18 78 151.916464
18 79 177.090768
18 80 98.699752
18 81 121.191506
18 82 312.483500
18 83 95.741117
18 84 34.362836
18 85 1068.440433
18 86 283.697333
18 87 53.820807
18 88 465.318844
18 89 118.199491
18 90 703.548785
18 91 63.960767
18 92 372.928568
18 93 34.661827
18 94 282.456450
18 95 126.246281
18 96 800.475607
18 97 442.468049
18 98 631.358139
18 99 738.414112
18 100 131.242557
19 20 167.827260
19 21 384.046634
19 22 293.653479
19 23 281.033248
19 24 137.462065
19 25 125.124882
19 26 216.843420
19 27 579.433237
19 28 614.762679
19 29 606.597160
19 30 134.827059
19 31 132.871359
19 32 205.610800
19 33 219.557314
19 34 107.993274
19 35 90.096042
19 36 117.684657
19 37 296.636532
19 38 368.862013
19 39 338.094284
19 40 233.041990
19 41 173.580397
19 42 178.126787
19 43 221.650343
19 44 75.621701
19 45 105.701143
19 46 686.363268
19 47 81.004922
19 48 664.453529
19 49 88.858980
19 50 445.489081
19 51 257.271265
19 52 17.356936
19 53 805.985949
19 54 446.451701
19 55 231.664589
19 56 351.596866
19 57 79.162162
19 58 372.992865
19 59 117.272066
19 60 195.588340
19 61 324.740451
19 62 26.140179
19 63 454.992710
19 64 255.307815
19 65 71.862561
19 66 199.355238
19 67 301.926886
19 68 366.235112
19 69 784.486824
19 70 358.880999
19 71 249.013907
19 72 682.438805
19 73 268.119175
19 74 305.721484
19 75 94.122235
19 76 130.497680
19 77 269.669598
19 78 151.652654
19 79 176.783194
19 80 98.528737
19 81 120.979585
19 82 311.942476
19 83 95.573703
19 84 34.303643
19 85 1066.585607
19 86 283.205189
19 87 53.727808
19 88 464.510353
19 89 117.995691
19 90 702.329938
19 91 63.848571
19 92 372.280560
19 93 34.600632
19 94 281.967879
19 95 126.026870
19 96 799.085593
19 97 441.699184
19 98 630.260024
19 99 737.131709
19 100 131.013433
20 21 90.566583
20 22 69.247815
20 23 66.273935
20 24 32.417621
20 25 29.508387
20 26 51.135700
20 27 136.640152
20 28 144.972055
20 29 143.046284
20 30 31.795096
20 31 31.333807
20 32 48.488021
20 33 51.777200
20 34 25.467361
20 35 21.246797
20 36 27.753956
20 37 69.953567
20 38 86.983252
20 39 79.730129
20 40 54.955638
20 41 40.933222
20 42 42.006719
20 43 52.269657
20 44 17.833426
20 45 24.927572
20 46 161.858027
20 47 19.103817
20 48 156.690831
20 49 20.954760
20 50 105.054032
20 51 60.669289
20 52 4.091457
20 53 190.065688
20 54 105.281651
20 55 54.631767
20 56 82.913410
20 57 18.666917
20 58 87.957863
20 59 27.656264
20 60 46.124395
20 61 76.579964
20 62 6.166490
20 63 107.295128
20 64 60.207361
20 65 16.946840
20 66 47.011951
20 67 71.199973
20 68 86.365383
20 69 184.995876
20 70 84.630617
20 71 58.723217
20 72 160.930869
20 73 63.227382
20 74 72.094727
20 75 22.195776
20 76 30.774938
20 77 63.594236
20 78 35.762388
20 79 41.689415
20 80 23.234832
20 81 28.530389
20 82 73.562133
20 83 22.540249
20 84 8.090048
20 85 251.519486
20 86 66.785563
20 87 12.672382
20 88 109.540587
20 89 27.826827
20 90 165.620957
20 91 15.057970
20 92 87.790698
20 93 8.160956
20 94 66.493009
20 95 29.720087
20 96 188.438594
20 97 104.160987
20 98 148.626699
20 99 173.827963
20 100 30.896410
21 22 158.465574
21 23 151.661431
21 24 74.182365
21 25 67.523884
21 26 117.019831
21 27 312.682720
21 28 331.747617
21 29 327.337216
21 30 72.759000
21 31 71.707446
21 32 110.964141
21 33 118.485511
21 34 58.280105
21 35 48.619208
21 36 63.510700
21 37 160.080960
21 38 199.051183
21 39 182.447581
21 40 125.760003
21 41 93.678538
21 42 96.125503
21 43 119.613569
21 44 40.808113
21 45 57.046805
21 46 370.386872
21 47 43.717711
21 48 358.560377
21 49 47.955745
21 50 240.400846
21 51 138.835056
21 52 9.374115
21 53 434.937619
21 54 240.922259
21 55 125.017689
21 56 189.733883
21 57 42.721675
21 58 201.281152
21 59 63.288828
21 60 105.549857
21 61 175.244839
21 62 14.108982
21 63 245.529468
21 64 137.776286
21 65 38.780104
21 66 107.580849
21 67 162.929632
21 68 197.632467
21 69 423.336179
21 70 193.666125
21 71 134.381752
21 72 368.265908
21 73 144.690013
21 74 164.980309
21 75 50.794516
21 76 70.427219
21 77 145.524970
21 78 81.838501
21 79 95.398505
21 80 53.170487
21 81 65.288192
21 82 168.338013
21 83 51.580424
21 84 18.513946
21 85 575.566023
21 86 152.832133
21 87 28.993691
21 88 250.665922
21 89 63.676554
21 90 379.001681
21 91 34.458237
21 92 200.897374
21 93 18.674579
21 94 152.160562
21 95 68.012161
21 96 431.213581
21 97 238.358483
21 98 340.111582
21 99 397.778411
21 100 70.704100
22 23 115.961225
22 24 56.720760
22 25 51.630963
22 26 89.474717
22 27 239.084981
22 28 253.662149
22 29 250.292448
22 30 55.632315
22 31 54.824929
22 32 84.840197
22 33 90.594852
22 34 44.561325
22 35 37.175204
22 36 48.561679
22 37 122.399917
22 38 152.199899
22 39 139.503726
22 40 96.158099
22 41 71.623197
22 42 73.500235
22 43 91.457557
22 44 31.203358
22 45 43.614985
22 46 283.207262
22 47 33.426333
22 48 274.166985
22 49 36.666652
22 50 183.816498
22 51 106.156643
22 52 7.156715
22 53 332.564540
22 54 184.215083
22 55 95.590100
22 56 145.077255
22 57 32.664670
22 58 153.905246
22 59 48.391464
22 60 80.705054
22 61 133.994581
22 62 10.786584
22 63 187.738235
22 64 105.345518
22 65 29.651696
22 66 82.259371
22 67 124.580779
22 68 151.115381
22 69 323.694119
22 70 148.081559
22 71 102.749659
22 72 281.587324
22 73 110.632958
22 74 126.148463
22 75 38.837469
22 76 53.848373
22 77 111.272139
22 78 62.575071
22 79 72.943966
22 80 40.654921
22 81 49.920325
22 82 128.712777
22 83 39.437104
22 84 14.154875
22 85 440.092373
22 86 116.857586
22 87 22.168300
22 88 191.666633
22 89 48.688128
22 90 289.791284
22 91 26.347461
22 92 153.610696
22 93 14.278721
22 94 116.346244
22 95 52.002658
22 96 329.717589
22 97 182.254695
22 98 260.057640
22 99 304.153160
22 100 54.060535
23 24 54.286723
23 25 49.412785
23 26 85.629992
23 27 228.812903
23 28 242.762188
23 29 239.536843
23 30 53.242124
23 31 52.469707
23 32 81.196837
23 33 86.703741
23 34 42.647394
23 35 35.577734
23 36 46.477135
23 37 117.140289
23 38 145.659174
23 39 133.509134
23 40 92.027875
23 41 68.550659
23 42 70.341802
23 43 87.529105
23 44 29.862569
23 45 41.744546
23 46 271.040467
23 47 31.992336
23 48 262.385444
23 49 35.090303
23 50 175.919300
23 51 101.595593
23 52 6.844450
23 53 318.273880
23 54 176.300067
23 55 91.482834
23 56 138.842688
23 57 31.262600
23 58 147.295957
23 59 46.311984
23 60 77.236776
23 61 128.239504
23 62 10.324410
23 63 179.671470
23 64 100.819017
23 65 28.377960
23 66 78.725035
23 67 119.227954
23 68 144.623478
23 69 309.781208
23 70 141.718919
23 71 98.335708
23 72 269.477790
23 73 105.881456
23 74 120.728595
23 75 37.169501
23 76 51.534779
23 77 106.492411
23 78 59.885898
23 79 69.809799
23 80 38.909660
23 81 47.775862
23 82 123.184753
23 83 37.743110
23 84 13.548443
23 85 421.184137
23 86 111.837981
23 87 21.221155
23 88 183.431170
23 89 46.596966
23 90 277.345752
23 91 25.215160
23 92 147.011238
23 93 13.664787
23 94 111.344737
23 95 49.769648
23 96 315.549138
23 97 174.424160
23 98 248.884582
23 99 291.081783
23 100 51.738040
24 25 24.173090
24 26 41.887523
24 27 111.921168
24 28 118.743065
24 29 117.163497
24 30 26.044118
24 31 25.665115
24 32 39.718864
24 33 42.414553
24 34 20.863432
24 35 17.402573
24 36 22.736124
24 37 57.298492
24 38 71.249135
24 39 65.303979
24 40 45.016033
24 41 33.527297
24 42 34.410675
24 43 42.813778
24 44 14.606792
24 45 20.422844
24 46 132.573809
24 47 15.652298
24 48 128.341372
24 49 17.166730
24 50 86.048107
24 51 49.697237
24 52 3.351557
24 53 155.678739
24 54 86.235825
24 55 44.749944
24 56 67.914316
24 57 15.293014
24 58 72.045941
24 59 22.656683
24 60 37.782029
24 61 62.728206
24 62 5.052685
24 63 87.883615
24 64 49.317332
24 65 13.880552
24 66 38.509789
24 67 58.318673
24 68 70.740033
24 69 151.525608
24 70 69.321738
24 71 48.101070
24 72 131.818876
24 73 51.790503
24 74 59.056210
24 75 18.184490
24 76 25.211273
24 77 52.091545
24 78 29.294126
24 79 34.146769
24 80 19.032494
24 81 23.372070
24 82 60.254822
24 83 18.464532
24 84 6.626686
24 85 206.015255
24 86 54.706487
24 87 10.380246
24 88 89.723610
24 89 22.793645
24 90 135.657723
24 91 12.337573
24 92 71.910049
24 93 6.687628
24 94 54.465968
24 95 24.345967
24 96 154.344998
24 97 85.317398
24 98 121.738114
24 99 142.376812
24 100 25.309147
25 26 38.127735
25 27 101.875547
25 28 108.085534
25 29 106.647036
25 30 23.706234
25 31 23.361308
25 32 36.149788
25 33 38.599680
25 34 18.989577
25 35 15.840688
25 36 20.695573
25 37 52.156680
25 38 64.854296
25 39 59.443740
25 40 40.976077
25 41 30.521431
25 42 31.322711
25 43 38.971669
25 44 13.295759
25 45 18.589250
25 46 120.675440
25 47 14.247243
25 48 116.822598
25 49 15.626697
25 50 78.324105
25 51 45.234002
25 52 3.054049
25 53 141.704283
25 54 78.496283
25 55 40.734431
25 56 61.818883
25 57 13.919422
25 58 65.581647
25 59 20.622449
25 60 34.390724
25 61 57.097335
25 62 4.598669
25 63 79.994531
25 64 44.890353
25 65 12.634759
25 66 35.052978
25 67 53.083960
25 68 64.391453
25 69 137.925607
25 70 63.100505
25 71 43.785833
25 72 119.987076
25 73 47.136909
25 74 53.754941
25 75 16.553142
25 76 22.947466
25 77 47.416481
25 78 26.665234
25 79 31.081368
25 80 17.323661
25 81 21.274290
25 82 54.845965
25 83 16.807775
25 84 6.033140
25 85 187.523308
25 86 49.796075
25 87 9.447529
25 88 81.670060
25 89 20.747622
25 90 123.482530
25 91 11.229823
25 92 65.455400
25 93 6.087984
25 94 49.578499
25 95 22.162803
25 96 140.490807
25 97 77.660022
25 98 110.811570
25 99 129.596860
25 100 23.039391
26 27 176.551161
26 28 187.314523
26 29 184.823260
26 30 41.083368
26 31 40.486155
26 32 62.650521
26 33 66.900493
26 34 32.907180
26 35 27.451482
26 36 35.861231
26 37 90.385857
26 38 112.390603
26 39 103.014704
26 40 71.010253
26 41 52.890790
26 42 54.276177
26 43 67.537064
26 44 23.041259
26 45 32.210149
26 46 209.128702
26 47 24.685286
26 48 202.453609
26 49 27.079295
26 50 135.737718
26 51 78.390949
26 52 5.293330
26 53 245.577033
26 54 136.031146
26 55 70.589465
26 56 107.129356
26 57 24.122448
26 58 113.649756
26 59 35.734088
26 60 59.597052
26 61 98.948526
26 62 7.966313
26 63 138.633294
26 64 77.792326
26 65 21.896113
26 66 60.743754
26 67 91.995923
26 68 111.589089
26 69 239.026796
26 70 109.350650
26 71 75.875456
26 72 207.936849
26 73 81.697349
26 74 93.154228
26 75 28.682021
26 76 39.766282
26 77 82.168920
26 78 46.209862
26 79 53.864365
26 80 30.021481
26 81 36.864053
26 82 95.048656
26 83 29.123907
26 84 10.453697
26 85 324.980373
26 86 86.292424
26 87 16.370205
26 88 141.534030
26 89 35.953491
26 90 213.995609
26 91 19.456548
26 92 113.433555
26 93 10.545415
26 94 85.914638
26 95 38.401755
26 96 243.475070
26 97 134.583828
26 98 192.035877
26 99 224.596884
26 100 39.921723
27 28 500.523225
27 29 493.874133
27 30 109.773923
27 31 108.180966
27 32 167.404631
27 33 178.762908
27 34 87.926444
27 35 73.353646
27 36 95.818149
27 37 241.515204
27 38 300.316325
27 39 275.267513
27 40 189.740552
27 41 141.325473
27 42 145.028135
27 43 180.462325
27 44 61.569286
27 45 86.061521
27 46 558.818650
27 47 65.954168
27 48 540.980234
27 49 72.350316
27 50 362.705511
27 51 209.464847
27 52 14.132843
27 53 656.212663
27 54 363.489809
27 55 188.617877
27 56 286.261811
27 57 64.453214
27 58 303.682023
27 59 95.480249
27 60 159.245867
27 61 264.397776
27 62 21.284230
27 63 370.443504
27 64 207.866096
27 65 58.508624
27 66 162.311014
27 67 245.821096
27 68 298.178667
27 69 638.706702
27 70 292.193227
27 71 202.742688
27 72 555.625470
27 73 218.298710
27 74 248.912726
27 75 76.634929
27 76 106.249210
27 77 219.559261
27 78 123.472024
27 79 143.931787
27 80 80.219846
27 81 98.499271
27 82 253.976972
27 83 77.816461
27 84 27.929465
27 85 868.387251
27 86 230.580923
27 87 43.743549
27 88 378.193039
27 89 96.069340
27 90 571.820258
27 91 51.985659
27 92 303.103526
27 93 28.172707
27 94 229.570181
27 95 102.608158
27 96 650.594843
27 97 359.621071
27 98 513.141464
27 99 600.151493
27 100 106.670302
28 29 523.986966
28 30 116.466170
28 31 114.776369
28 32 177.612186
28 33 189.655520
28 34 93.287322
28 35 77.826055
28 36 101.658851
28 37 256.240518
28 38 318.626282
28 39 292.051052
28 40 201.305408
28 41 149.943123
28 42 153.870119
28 43 191.465280
28 44 65.323159
28 45 91.307104
28 46 592.890835
28 47 69.975495
28 48 573.965038
28 49 76.758910
28 50 384.819652
28 51 222.235579
28 52 14.996409
28 53 696.222039
28 54 385.651884
28 55 200.117206
28 56 303.715067
28 57 68.382917
28 58 322.196561
28 59 101.301852
28 60 168.952641
28 61 280.518022
28 62 22.580926
28 63 393.029733
28 64 220.539174
28 65 62.075759
28 66 172.206288
28 67 260.808982
28 68 316.358980
28 69 677.650009
28 70 310.007826
28 71 215.103146
28 72 589.501800
28 73 231.608648
28 74 264.088590
28 75 81.305695
28 76 112.726599
28 77 232.946197
28 78 131.000483
28 79 152.707678
28 80 85.111164
28 81 104.504012
28 82 269.461509
28 83 82.559866
28 84 29.632447
28 85 921.333159
28 86 244.637555
28 87 46.409110
28 88 401.251397
28 89 101.926323
28 90 606.684376
28 91 55.154752
28 92 321.583000
28 93 29.889338
28 94 243.566914
28 95 108.864724
28 96 690.261910
28 97 381.546860
28 98 544.429212
28 99 636.744221
28 100 113.172426
29 30 114.917878
29 31 113.251081
29 32 175.249665
29 33 187.138645
29 34 92.045600
29 35 76.792856
29 36 100.306212
29 37 252.834871
29 38 314.392651
29 39 288.172941
29 40 198.629699
29 41 147.948715
29 42 151.823456
29 43 188.920793
29 44 64.455708
29 45 90.090321
29 46 585.015921
29 47 69.043203
29 48 566.342161
29 49 75.735949
29 50 379.708391
29 51 219.282665
29 52 14.794811
29 53 686.976441
29 54 380.529180
29 55 197.455887
29 56 299.680680
29 57 67.472806
29 58 317.915368
29 59 99.954651
29 60 166.707421
29 61 276.788900
29 62 22.280948
29 63 387.809313
29 64 217.608905
29 65 61.251447
29 66 169.917964
29 67 257.344852
29 68 312.157964
29 69 668.649278
29 70 305.887544
29 71 212.243710
29 72 581.668523
29 73 228.529039
29 74 260.579181
29 75 80.222126
29 76 111.226290
29 77 229.850096
29 78 129.258555
29 79 150.679214
29 80 83.979745
29 81 103.114345
29 82 265.879193
29 83 81.460532
29 84 29.238097
29 85 909.095008
29 86 241.386184
29 87 45.793228
29 88 395.921125
29 89 100.570256
29 90 598.623756
29 91 54.419322
29 92 317.309772
29 93 29.490133
29 94 240.329527
29 95 107.417046
29 96 681.094761
29 97 376.478187
29 98 537.196819
29 99 628.288780
29 100 111.666714
30 31 25.172575
30 32 38.954099
30 33 41.597582
30 34 20.460571
30 35 17.068626
30 36 22.297097
30 37 56.198899
30 38 69.880648
30 39 64.051391
30 40 44.151134
30 41 32.884522
30 42 33.746993
30 43 41.992655
30 44 14.326438
30 45 20.026256
30 46 130.030625
30 47 15.348402
30 48 125.879806
30 49 16.836307
30 50 84.398349
30 51 48.740968
30 52 3.288876
30 53 152.692339
30 54 84.579919
30 55 43.889752
30 56 66.610164
30 57 14.998322
30 58 70.663739
30 59 22.218301
30 60 37.054837
30 61 61.522006
30 62 4.953099
30 63 86.198432
30 64 48.368547
30 65 13.614272
30 66 37.768591
30 67 57.201823
30 68 69.382681
30 69 148.619349
30 70 67.990140
30 71 47.177062
30 72 129.289223
30 73 50.797408
30 74 57.919518
30 75 17.832577
30 76 24.724940
30 77 51.090095
30 78 28.732596
30 79 33.491617
30 80 18.666627
30 81 22.921611
30 82 59.097952
30 83 18.107938
30 84 6.498640
30 85 202.062360
30 86 53.654467
30 87 10.177836
30 88 88.001934
30 89 22.355072
30 90 133.056495
30 91 12.097472
30 92 70.529518
30 93 6.556485
30 94 53.419485
30 95 23.877564
30 96 151.386112
30 97 83.680025
30 98 119.402315
30 99 139.648385
30 100 24.821840
31 32 38.390560
31 33 40.993478
31 34 20.163196
31 35 16.821433
31 36 21.974294
31 37 55.384495
31 38 68.865583
31 39 63.123586
31 40 43.509494
31 41 32.409955
31 42 33.257013
31 43 41.383741
31 44 14.118519
31 45 19.735051
31 46 128.144140
31 47 15.124639
31 48 124.054052
31 49 16.590418
31 50 83.173280
31 51 48.033059
31 52 3.227421
31 53 150.477657
31 54 83.352989
31 55 43.253878
31 56 65.644493
31 57 14.780163
31 58 69.638757
31 59 21.897733
31 60 36.517673
31 61 60.629591
31 62 4.882242
31 63 84.947418
31 64 47.666733
31 65 13.417849
31 66 37.220214
31 67 56.369912
31 68 68.377161
31 69 146.463611
31 70 67.003832
31 71 46.491647
31 72 127.413540
31 73 50.058305
31 74 57.078792
31 75 17.573079
31 76 24.366224
31 77 50.347655
31 78 28.312935
31 79 33.006959
31 80 18.395344
31 81 22.587086
31 82 58.241741
31 83 17.844900
31 84 6.406766
31 85 199.131294
31 86 52.873845
31 87 10.029839
31 88 86.724249
31 89 22.030315
31 90 131.125125
31 91 11.921438
31 92 69.505414
31 93 6.460597
31 94 52.643685
31 95 23.530483
31 96 149.189924
31 97 82.466883
31 98 117.670439
31 99 137.622379
31 100 24.460560
32 33 63.435451
32 34 31.201956
32 35 26.029864
32 36 34.003517
32 37 85.711286
32 38 106.570000
32 39 97.680420
32 40 67.330440
32 41 50.161533
32 42 51.466462
32 43 64.040523
32 44 21.847699
32 45 30.546053
32 46 198.300105
32 47 23.409499
32 48 191.966496
32 49 25.677925
32 50 128.706812
32 51 74.332457
32 52 5.015991
32 53 232.856785
32 54 128.985674
32 55 66.931306
32 56 101.579928
32 57 22.873892
32 58 107.761257
32 59 33.887002
32 60 56.513106
32 61 93.822933
32 62 7.555724
32 63 131.455160
32 64 73.763554
32 65 20.761953
32 66 57.599628
32 67 87.230160
32 68 105.809771
32 69 226.647112
32 70 103.685148
32 71 71.946602
32 72 197.167754
32 73 77.468123
32 74 88.328488
32 75 27.194546
32 76 37.715890
32 77 77.913250
32 78 43.815804
32 79 51.074355
32 80 28.466390
32 81 34.956781
32 82 90.127711
32 83 27.619523
32 84 9.912289
32 85 308.147094
32 86 81.824941
32 87 15.520242
32 88 134.202484
32 89 34.094944
32 90 202.911740
32 91 18.451001
32 92 107.558092
32 93 10.001642
32 94 81.464516
32 95 36.415489
32 96 230.864697
32 97 127.613901
32 98 182.090372
32 99 212.963641
32 100 37.854845
33 34 33.317156
33 35 27.795416
33 36 36.310993
33 37 91.512902
33 38 113.797271
33 39 104.306353
33 40 71.897982
33 41 53.555531
33 42 54.953981
33 43 68.381502
33 44 23.330150
33 45 32.613670
33 46 211.749885
33 47 24.989798
33 48 204.987319
33 49 27.418282
33 50 137.436959
33 51 79.410045
33 52 5.350277
33 53 248.652982
33 54 137.733891
33 55 71.469474
33 56 108.472689
33 57 24.425117
33 58 115.075935
33 59 36.184615
33 60 60.340642
33 61 100.187729
33 62 8.068367
33 63 140.366689
33 64 78.767234
33 65 22.170041
33 66 61.503407
33 67 93.147427
33 68 112.987145
33 69 242.018259
33 70 110.717884
33 71 76.824796
33 72 210.536615
33 73 82.716752
33 74 94.319077
33 75 29.037008
33 76 40.259666
33 77 83.196459
33 78 46.787378
33 79 54.538837
33 80 30.396180
33 81 37.323798
33 82 96.239282
33 83 29.486232
33 84 10.580645
33 85 329.049640
33 86 87.376457
33 87 16.581908
33 88 143.306943
33 89 36.405636
33 90 216.674681
33 91 19.698453
33 92 114.851235
33 93 10.675783
33 94 86.988530
33 95 38.884338
33 96 246.524454
33 97 136.268954
33 98 194.437672
33 99 227.408815
33 100 40.422639
34 35 13.670950
34 36 17.860608
34 37 45.013988
34 38 55.975150
34 39 51.303629
34 40 35.364677
34 41 26.341196
34 42 27.032576
34 43 33.635458
34 44 11.474307
34 45 16.042279
34 46 104.151613
34 47 12.294890
34 48 100.827253
34 49 13.486510
34 50 67.600094
34 51 39.040198
34 52 2.631448
34 53 122.303045
34 54 67.747701
34 55 35.157102
34 56 53.353290
34 57 12.013911
34 58 56.600753
34 59 17.797652
34 60 29.682301
34 61 49.280085
34 62 3.967831
34 63 69.042739
34 64 38.743367
34 65 10.904703
34 66 30.251994
34 67 45.815751
34 68 55.574459
34 69 119.042932
34 70 54.460021
34 71 37.788998
34 72 103.560258
34 73 40.686782
34 74 46.393341
34 75 14.285652
34 76 19.806034
34 77 40.922144
34 78 23.013429
34 79 26.825816
34 80 14.951809
34 81 18.360270
34 82 47.338419
34 83 14.504477
34 84 5.204865
34 85 161.848779
34 86 42.976473
34 87 8.154679
34 88 70.487363
34 89 17.906624
34 90 106.573097
34 91 9.691702
34 92 56.491976
34 93 5.252902
34 94 42.790086
34 95 19.127317
34 96 121.255980
34 97 67.026495
34 98 95.639130
34 99 111.854172
34 100 19.883693
35 36 14.898859
35 37 37.553087
35 38 46.695711
35 39 42.801835
35 40 29.501956
35 41 21.974924
35 42 22.550070
35 43 28.060152
35 44 9.573556
35 45 13.381185
35 46 86.891253
35 47 10.254910
35 48 84.117214
35 49 11.249012
35 50 56.396942
35 51 32.569557
35 52 2.197621
35 53 102.034623
35 54 56.519092
35 55 29.327517
35 56 44.510834
35 57 10.021703
35 58 47.219228
35 59 14.846355
35 60 24.761098
35 61 41.110721
35 62 3.310384
35 63 57.600342
35 64 32.321119
35 65 9.097662
35 66 25.237510
35 67 38.222828
35 68 46.364118
35 69 99.312346
35 70 45.432586
35 71 31.524128
35 72 86.393676
35 73 33.943140
35 74 38.703027
35 75 11.915297
35 76 16.520557
35 77 34.139043
35 78 19.198566
35 79 22.380181
35 80 12.473405
35 81 15.315489
35 82 39.490135
35 83 12.099484
35 84 4.343228
35 85 135.025052
35 86 35.852560
35 87 6.802593
35 88 58.805014
35 89 14.937924
35 90 88.911548
35 91 8.083023
35 92 47.129331
35 93 4.380478
35 94 35.695846
35 95 15.954654
35 96 101.161113
35 97 55.917379
35 98 79.788321
35 99 93.317702
35 100 16.585899
36 37 49.056056
36 38 60.997960
36 39 55.907523
36 40 38.539732
36 41 28.706214
36 42 29.459688
36 43 36.654988
36 44 12.505287
36 45 17.485421
36 46 113.500694
36 47 13.400013
36 48 109.876195
36 49 14.697540
36 50 73.667691
36 51 42.546341
36 52 2.871679
36 53 133.280201
36 54 73.828457
36 55 38.312205
36 56 58.143921
36 57 13.093751
36 58 61.682612
36 59 19.396273
36 60 32.346671
36 61 53.703487
36 62 4.325634
36 63 75.239232
36 64 42.221263
36 65 11.883781
36 66 32.968317
36 67 49.927650
36 68 60.562620
36 69 129.724413
36 70 59.348120
36 71 41.181990
36 72 112.854427
36 73 44.339778
36 74 50.560523
36 75 15.568225
36 76 21.586032
36 77 44.597608
36 78 25.080037
36 79 29.231439
36 80 16.294284
36 81 20.011128
36 82 51.586535
36 83 15.808553
36 84 5.675297
36 85 176.374389
36 86 46.835343
36 87 8.887187
36 88 76.814723
36 89 19.516428
36 90 116.141795
36 91 10.562747
36 92 61.564359
36 93 5.725858
36 94 46.629905
36 95 20.844641
36 96 132.138876
36 97 73.043060
36 98 104.222940
36 99 121.892372
36 100 21.668749
37 38 153.746332
37 39 140.922650
37 40 97.136788
37 41 72.352828
37 42 74.248275
37 43 92.389738
37 44 31.520236
37 45 44.062987
37 46 286.084210
37 47 33.767890
37 48 276.952051
37 49 37.041585
37 50 185.685266
37 51 107.237381
37 52 7.235329
37 53 335.943199
37 54 186.087267
37 55 96.563537
37 56 146.550717
37 57 32.997481
37 58 155.468014
37 59 48.884161
37 60 81.526648
37 61 135.357895
37 62 10.898046
37 63 189.647967
37 64 106.416511
37 65 29.953540
37 66 83.096099
37 67 125.847106
37 68 152.650840
37 69 326.982741
37 70 149.587476
37 71 103.795641
37 72 284.449842
37 73 111.760024
37 74 127.431960
37 75 39.234194
37 76 54.402611
37 77 112.403071
37 78 63.212133
37 79 73.685438
37 80 41.068922
37 81 50.428333
37 82 130.024311
37 83 39.840405
37 84 14.299203
37 85 444.565974
37 86 118.046448
37 87 22.393041
37 88 193.614218
37 89 49.183558
37 90 292.739975
37 91 26.615991
37 92 155.172778
37 93 14.425035
37 94 117.529094
37 95 52.531379
37 96 333.069009
37 97 184.107316
37 98 262.700126
37 99 307.243304
37 100 54.610062
38 39 175.232429
38 40 120.786427
38 41 89.965500
38 42 92.325311
38 43 114.880909
38 44 39.194357
38 45 54.788389
38 46 355.737545
38 47 41.987572
38 48 344.380731
38 49 46.058337
38 50 230.893595
38 51 133.343232
38 52 8.997199
38 53 417.734905
38 54 231.393079
38 55 120.072904
38 56 182.231198
38 57 41.030914
38 58 193.322273
38 59 60.783883
38 60 101.374817
38 61 168.312751
38 62 13.550789
38 63 235.819018
38 64 132.326625
38 65 37.245820
38 66 103.327153
38 67 156.486100
38 68 189.817251
38 69 406.596491
38 70 186.007126
38 71 129.064952
38 72 353.705854
38 73 138.967415
38 74 158.456078
38 75 48.785952
38 76 67.641206
38 77 139.769182
38 78 78.601595
38 79 91.625115
38 80 51.067243
38 81 62.705710
38 82 161.681541
38 83 49.537890
38 84 17.780651
38 85 552.802291
38 86 146.785695
38 87 27.849491
38 88 240.753218
38 89 61.159735
38 90 364.013471
38 91 33.095138
38 92 192.951685
38 93 17.935885
38 94 146.143917
38 95 65.322577
38 96 414.158708
38 97 228.930092
38 98 326.659358
38 99 382.048461
38 100 67.906999
39 40 110.709786
39 41 82.462792
39 42 84.622763
39 43 105.298118
39 44 35.925556
39 45 50.215130
39 46 326.067509
39 47 38.484201
39 48 315.657718
39 49 42.214547
39 50 211.635602
39 51 122.221111
39 52 8.251201
39 53 382.894211
39 54 212.093014
39 55 110.057150
39 56 167.031444
39 57 37.607056
39 58 177.196559
39 59 55.712882
39 60 92.918144
39 61 154.273362
39 62 12.420055
39 63 216.150592
39 64 121.288971
39 65 34.139669
39 66 94.706647
39 67 143.434600
39 68 173.985176
39 69 372.680198
39 70 170.491835
39 71 118.298233
39 72 324.203024
39 73 127.374527
39 74 145.238530
39 75 44.714844
39 76 61.996347
39 77 128.110172
39 78 72.044688
39 79 83.982829
39 80 46.807798
39 81 57.473088
39 82 148.192686
39 83 45.406331
39 84 16.296032
39 85 506.696519
39 86 134.540283
39 87 25.523946
39 88 220.671957
39 89 56.055062
39 90 333.650873
39 91 30.332922
39 92 176.857698
39 93 16.437821
39 94 133.952487
39 95 59.872638
39 96 379.616359
39 97 209.835402
39 98 299.413282
39 99 350.183610
39 100 62.240840
40 41 56.842767
40 42 58.331174
40 43 72.580549
40 44 24.762489
40 45 34.617224
40 46 224.751112
40 47 26.527951
40 48 217.576379
40 49 29.102308
40 50 145.877138
40 51 84.246001
40 52 5.685286
40 53 263.921643
40 54 146.192819
40 55 75.863754
40 56 115.132673
40 57 25.924602
40 58 122.141383
40 59 38.403271
40 60 64.050097
40 61 106.340942
40 62 8.561331
40 63 148.989046
40 64 83.603357
40 65 23.531869
40 66 65.281973
40 67 98.867523
40 68 119.925252
40 69 256.881949
40 70 117.519017
40 71 81.543658
40 72 223.469554
40 73 87.799709
40 74 100.113098
40 75 30.824873
40 76 42.736033
40 77 88.306125
40 78 49.660340
40 79 57.888559
40 80 32.264402
40 81 39.617749
40 82 102.147789
40 83 31.299199
40 84 11.233713
40 85 349.257274
40 86 92.739721
40 87 17.593877
40 88 152.106611
40 89 38.639151
40 90 229.982258
40 91 20.910300
40 92 121.906824
40 93 11.333294
40 94 92.333084
40 95 41.270262
40 96 261.662267
40 97 144.637113
40 98 206.381537
40 99 241.373835
40 100 42.904197
41 42 43.446433
41 43 54.062220
41 44 18.444707
41 45 25.784015
41 46 167.408834
41 47 19.758400
41 48 162.061958
41 49 21.676116
41 50 108.656699
41 51 62.751990
41 52 4.233916
41 53 196.582408
41 54 108.893611
41 55 56.505378
41 56 85.755708
41 57 19.317308
41 58 90.978498
41 59 28.606187
41 60 47.708516
41 61 79.210441
41 62 6.378966
41 63 110.973993
41 64 62.270775
41 65 17.527691
41 66 48.625314
41 67 73.642301
41 68 89.326399
41 69 191.337162
41 70 87.533890
41 71 60.736401
41 72 166.448973
41 73 65.397170
41 74 74.568228
41 75 22.959384
41 76 31.832869
41 77 65.775642
41 78 36.989595
41 79 43.120027
41 80 24.032271
41 81 29.508555
41 82 76.089280
41 83 23.316069
41 84 8.367521
41 85 260.143686
41 86 69.075341
41 87 13.105393
41 88 113.296140
41 89 28.782067
41 90 171.305905
41 91 15.573152
41 92 90.802351
41 93 8.441677
41 94 68.773953
41 95 30.740423
41 96 194.898086
41 97 107.735446
41 98 153.722817
41 99 179.787472
41 100 31.958960
42 43 55.478468
42 44 18.927545
42 45 26.460725
42 46 171.792383
42 47 20.279514
42 48 166.307281
42 49 22.244768
42 50 111.501527
42 51 64.394266
42 52 4.344371
42 53 201.729982
42 54 111.744471
42 55 57.986927
42 56 88.004141
42 57 19.815753
42 58 93.358275
42 59 29.355892
42 60 48.957010
42 61 81.283384
42 62 6.545516
42 63 113.880704
42 64 63.904669
42 65 17.986611
42 66 49.899225
42 67 75.569526
42 68 91.665686
42 69 196.350031
42 70 89.829826
42 71 62.329974
42 72 170.811528
42 73 67.110684
42 74 76.523033
42 75 23.564892
42 76 32.667482
42 77 67.498894
42 78 37.959295
42 79 44.247296
42 80 24.661545
42 81 30.284151
42 82 78.078421
42 83 23.925771
42 84 8.587095
42 85 266.960460
42 86 70.886277
42 87 13.449666
42 88 116.264516
42 89 29.535582
42 90 175.787602
42 91 15.986595
42 92 93.180870
42 93 8.664894
42 94 70.576922
42 95 31.547699
42 96 200.003174
42 97 110.555485
42 98 157.750001
42 99 184.495296
42 100 32.795620
43 44 23.552164
43 45 32.922962
43 46 213.765432
43 47 25.231229
43 48 206.941480
43 49 27.677252
43 50 138.746434
43 51 80.128743
43 52 5.407905
43 53 251.019996
43 54 139.046074
43 55 72.153280
43 56 109.504018
43 57 24.655831
43 58 116.168093
43 59 36.525308
43 60 60.916365
43 61 101.141138
43 62 8.142758
43 63 141.705840
43 64 79.515521
43 65 22.381306
43 66 62.089469
43 67 94.034183
43 68 114.062422
43 69 244.324523
43 70 111.772879
43 71 77.556664
43 72 212.540993
43 73 83.506132
43 74 95.217682
43 75 29.315651
43 76 40.646739
43 77 83.988719
43 78 47.232466
43 79 55.058684
43 80 30.686794
43 81 37.680655
43 82 97.153776
43 83 29.768502
43 84 10.684985
43 85 332.183478
43 86 88.204523
43 87 16.733716
43 88 144.670777
43 89 36.749966
43 90 218.738235
43 91 19.887224
43 92 115.946196
43 93 10.777822
43 94 87.818677
43 95 39.252497
43 96 248.872423
43 97 137.566675
43 98 196.292263
43 99 229.575416
43 100 40.805607
44 45 11.229902
44 46 72.930913
44 47 8.607904
44 48 70.603554
44 49 9.442116
44 50 47.336573
44 51 27.336711
44 52 1.843639
44 53 85.641999
44 54 47.439044
44 55 24.616256
44 56 37.360142
44 57 8.411928
44 58 39.633640
44 59 12.461566
44 60 20.783288
44 61 34.506036
44 62 2.777951
44 63 48.346446
44 64 27.128891
44 65 7.636041
44 66 21.183127
44 67 32.082045
44 68 38.914827
44 69 83.357538
44 70 38.133726
44 71 26.459750
44 72 72.514239
44 73 28.489845
44 74 32.485575
44 75 10.001186
44 76 13.866579
44 77 28.654574
44 78 16.114288
44 79 18.784790
44 80 10.469425
44 81 12.855699
44 82 33.146252
44 83 10.155906
44 84 3.645432
44 85 113.332505
44 86 30.093066
44 87 5.709772
44 88 49.357938
44 89 12.537796
44 90 74.628016
44 91 6.784827
44 92 39.557873
44 93 3.676730
44 94 29.961088
44 95 13.391899
44 96 84.909056
44 97 46.934155
44 98 66.970163
44 99 78.325757
44 100 13.921488
45 46 101.944327
45 47 12.035140
45 48 98.685856
45 49 13.202261
45 50 66.165633
45 51 38.216482
45 52 2.579989
45 53 119.708391
45 54 66.310115
45 55 34.407276
45 56 52.222865
45 57 11.761503
45 58 55.400106
45 59 17.423064
45 60 29.053748
45 61 48.238005
45 62 3.885592
45 63 67.575749
45 64 37.922593
45 65 10.673733
45 66 29.613420
45 67 44.843992
45 68 54.396362
45 69 116.514697
45 70 53.306259
45 71 36.989856
45 72 101.363484
45 73 39.825811
45 74 45.413233
45 75 13.983898
45 76 19.390573
45 77 40.056436
45 78 22.525889
45 79 26.257593
45 80 14.635698
45 81 17.975319
45 82 46.334896
45 83 14.201000
45 84 5.097596
45 85 158.414154
45 86 42.066997
45 87 7.980223
45 88 68.992464
45 89 17.527554
45 90 104.316779
45 91 9.487572
45 92 55.295074
45 93 5.142919
45 94 41.882645
45 95 18.721791
45 96 118.681420
45 97 65.605300
45 98 93.610207
45 99 109.477561
45 100 19.462691
46 47 78.126713
46 48 640.815492
46 49 85.698684
46 50 429.639147
46 51 248.121013
46 52 16.739149
46 53 777.313028
46 54 430.570602
46 55 223.422247
46 56 339.090049
46 57 76.348227
46 58 359.723033
46 59 113.102635
46 60 188.631793
46 61 313.188054
46 62 25.213777
46 63 438.805539
46 64 246.226547
46 65 69.306438
46 66 192.265088
46 67 291.185453
46 68 353.206105
46 69 756.575449
46 70 346.114417
46 71 240.157413
46 72 658.164038
46 73 258.583502
46 74 294.847842
46 75 90.775398
46 76 125.858247
46 77 260.077436
46 78 146.258946
46 79 170.493987
46 80 95.024389
46 81 116.677790
46 82 300.846340
46 83 92.177446
46 84 33.083816
46 85 1028.641732
46 86 273.131077
46 87 51.820545
46 88 447.985570
46 89 113.798677
46 90 677.344317
46 91 61.579305
46 92 359.036541
46 93 33.371355
46 94 271.935815
46 95 121.545514
46 96 770.656991
46 97 425.986594
46 98 607.838136
46 99 710.905481
46 100 126.354543
47 48 75.631848
47 49 10.117901
47 50 50.707709
47 51 29.284809
47 52 1.976309
47 53 91.739696
47 54 50.818356
47 55 26.371693
47 56 40.023067
47 57 9.013906
47 58 42.458308
47 59 13.351757
47 60 22.265448
47 61 36.966121
47 62 2.977896
47 63 51.789595
47 64 29.062717
47 65 8.179485
47 66 22.695166
47 67 34.366498
47 68 41.686649
47 69 89.293795
47 70 40.851441
47 71 28.348292
47 72 77.682582
47 73 30.522667
47 74 34.802354
47 75 10.717208
47 76 14.858542
47 77 30.698195
47 78 17.263698
47 79 20.122776
47 80 11.215644
47 81 13.775884
47 82 35.509626
47 83 10.882995
47 84 3.904578
47 85 121.403778
47 86 32.237944
47 87 6.115298
47 88 52.874849
47 89 13.433635
47 90 79.940929
47 91 7.271981
47 92 42.376539
47 93 3.942382
47 94 32.097401
47 95 14.349522
47 96 90.954450
47 97 50.277481
47 98 71.740422
47 99 83.901599
47 100 14.915106
48 49 82.962337
48 50 415.924967
48 51 240.197845
48 52 16.205477
48 53 752.499426
48 54 416.824907
48 55 216.293344
48 56 328.265712
48 57 73.909398
48 58 348.238860
48 59 109.489643
48 60 182.609281
48 61 303.189682
48 62 24.406899
48 63 424.798665
48 64 238.366127
48 65 67.093648
48 66 186.126134
48 67 281.890383
48 68 341.931241
48 69 732.425164
48 70 335.064981
48 71 232.489671
48 72 637.150678
48 73 250.326931
48 74 285.434189
48 75 87.876419
48 76 121.837551
48 77 251.774706
48 78 141.588358
48 79 165.051317
48 80 91.989744
48 81 112.952236
48 82 291.239823
48 83 89.232171
48 84 32.027659
48 85 995.805081
48 86 264.411646
48 87 50.161358
48 88 433.685090
48 89 110.165007
48 90 655.719144
48 91 59.613212
48 92 347.575980
48 93 32.305614
48 94 263.254135
48 95 117.664951
48 96 746.057160
48 97 412.387579
48 98 588.435408
48 99 688.213795
48 100 122.320039
49 50 55.623768
49 51 32.125901
49 52 2.170090
49 53 100.633265
49 54 55.744929
49 55 28.929347
49 56 43.900898
49 57 9.885909
49 58 46.573292
49 59 14.645119
49 60 24.424071
49 61 40.547279
49 62 3.266850
49 63 56.810594
49 64 31.879475
49 65 8.972806
49 66 24.893108
49 67 37.698363
49 68 45.727308
49 69 97.950439
49 70 44.812652
49 71 31.095082
49 72 85.211235
49 73 33.480452
49 74 38.174145
49 75 11.756927
49 76 16.300295
49 77 33.672839
49 78 18.936427
49 79 22.073522
49 80 12.302639
49 81 15.109595
49 82 38.950317
49 83 11.937375
49 84 4.283583
49 85 133.173591
49 86 35.362745
49 87 6.709799
49 88 57.999451
49 89 14.735696
49 90 87.691474
49 91 7.975306
49 92 46.485247
49 93 4.324042
49 94 35.209406
49 95 15.740505
49 96 99.773002
49 97 55.152053
49 98 78.693989
49 99 92.035618
49 100 16.362590
50 51 161.043533
50 52 10.865921
50 53 504.518876
50 54 279.463604
50 55 145.015609
50 56 220.087704
50 57 49.553342
50 58 233.481112
50 59 73.409071
50 60 122.432053
50 61 203.276631
50 62 16.362089
50 63 284.809836
50 64 159.813635
50 65 44.983678
50 66 124.789778
50 67 188.996681
50 68 229.250539
50 69 491.060169
50 70 224.647440
50 71 155.874699
50 72 427.183148
50 73 167.834548
50 74 191.371779
50 75 58.917592
50 76 81.688262
50 77 168.805100
50 78 94.929985
50 79 110.660139
50 80 61.676181
50 81 75.730051
50 82 195.264079
50 83 59.827090
50 84 21.473028
50 85 667.645362
50 86 177.277801
50 87 33.632639
50 88 290.767923
50 89 73.861120
50 90 439.635171
50 91 39.967620
50 92 233.035694
50 93 21.659241
50 94 176.500613
50 95 78.889585
50 96 500.200067
50 97 276.488995
50 98 394.521002
50 99 461.418325
50 100 82.010646
51 52 6.277435
51 53 291.362449
51 54 161.393596
51 55 83.748307
51 56 127.102758
51 57 28.621591
51 58 134.835777
51 59 42.397501
51 60 70.706634
51 61 117.394216
51 62 9.451956
51 63 164.479737
51 64 92.293980
51 65 25.978370
51 66 72.069410
51 67 109.145898
51 68 132.393741
51 69 283.589672
51 70 129.736051
51 71 90.020763
51 72 246.699411
51 73 96.927938
51 74 110.521112
51 75 34.026582
51 76 47.179838
51 77 97.485374
51 78 54.823188
51 79 63.906351
51 80 35.618539
51 81 43.736469
51 82 112.768726
51 83 34.551546
51 84 12.401037
51 85 385.569250
51 86 102.380035
51 87 19.421740
51 88 167.920488
51 89 42.657124
51 90 253.894500
51 91 23.082376
51 92 134.580043
51 93 12.510472
51 94 101.931278
51 95 45.562937
51 96 288.868541
51 97 159.676191
51 98 227.838015
51 99 266.469817
51 100 47.363542
52 53 19.662514
52 54 10.889100
52 55 5.652460
52 56 8.574958
52 57 1.927902
52 58 9.096298
52 59 2.859873
52 60 4.775075
52 61 7.915240
52 62 0.641343
52 63 11.097710
52 64 6.227534
52 65 1.755094
52 66 4.862119
52 67 7.363351
52 68 8.933180
52 69 19.134335
52 70 8.754019
52 71 6.076130
52 72 16.634961
52 73 6.534961
52 74 7.457688
52 75 2.295296
52 76 3.180331
52 77 6.577860
52 78 3.699838
52 79 4.313205
52 80 2.403240
52 81 2.951786
52 82 7.600846
52 83 2.333635
52 84 0.844226
52 85 26.012606
52 86 6.908246
52 87 1.308650
52 88 11.328207
52 89 2.880197
52 90 17.122205
52 91 1.557969
52 92 9.080731
52 93 0.843665
52 94 6.876337
52 95 3.074849
52 96 19.490531
52 97 10.773939
52 98 15.371363
52 99 17.979628
52 100 3.198098
53 54 505.611070
53 55 262.363219
53 56 398.186855
53 57 89.652972
53 58 422.415994
53 59 132.811215
53 60 221.506095
53 61 367.772734
53 62 29.605198
53 63 515.282759
53 64 289.139315
53 65 81.384815
53 66 225.771004
53 67 341.934586
53 68 414.764238
53 69 888.435782
53 70 406.434997
53 71 282.010313
53 72 772.865573
53 73 303.648060
53 74 346.234138
53 75 106.594059
53 76 147.790243
53 77 305.403685
53 78 171.746954
53 79 200.207572
53 80 111.584614
53 81 137.010321
53 82 353.274881
53 83 108.238484
53 84 38.848751
53 85 1207.916647
53 86 320.732893
53 87 60.846196
53 88 526.062082
53 89 133.629374
53 90 795.393284
53 91 72.309334
53 92 421.611515
53 93 39.185618
53 94 319.328391
53 95 142.726702
53 96 904.971179
53 97 500.227943
53 98 713.774969
53 99 834.806712
53 100 148.374630
54 55 145.329125
54 56 220.564721
54 57 49.661563
54 58 233.988467
54 59 73.568934
54 60 122.698554
54 61 203.717303
54 62 16.400778
54 63 285.426130
54 64 160.161770
54 65 45.080919
54 66 125.061036
54 67 189.404796
54 68 229.747104
54 69 492.122944
54 70 225.134106
54 71 156.214158
54 72 428.108341
54 73 168.198326
54 74 191.787794
54 75 59.046703
54 76 81.865670
54 77 169.171002
54 78 95.135020
54 79 110.899317
54 80 61.809416
54 81 75.894006
54 82 195.687475
54 83 59.958872
54 84 21.520266
54 85 669.090175
54 86 177.661205
54 87 33.704734
54 88 291.397330
54 89 74.022028
54 90 440.585841
54 91 40.055503
54 92 233.540653
54 93 21.707537
54 94 176.884123
54 95 79.061550
54 96 501.281393
54 97 277.087790
54 98 395.375620
54 99 462.415461
54 100 82.189514
55 56 114.452482
55 57 25.769392
55 58 121.421973
55 59 38.177265
55 60 63.672103
55 61 105.711376
55 62 8.510492
55 63 148.108039
55 64 83.110130
55 65 23.393057
55 66 64.895742
55 67 98.281994
55 68 119.216310
55 69 255.364830
55 70 116.824973
55 71 81.062997
55 72 222.149595
55 73 87.284545
55 74 99.522193
55 75 30.642694
55 76 42.485470
55 77 87.784545
55 78 49.366310
55 79 57.547300
55 80 32.072602
55 81 39.383773
55 82 101.546370
55 83 31.116325
55 84 11.167283
55 85 347.193579
55 86 92.192630
55 87 17.488156
55 88 151.207919
55 89 38.412944
55 90 228.623478
55 91 20.787304
55 92 121.186363
55 93 11.266567
55 94 91.787982
55 95 41.024364
55 96 260.116299
55 97 143.783666
55 98 205.161389
55 99 239.947650
55 100 42.650384
56 57 39.111629
56 58 184.274171
56 59 57.938253
56 60 96.628718
56 61 160.436414
56 62 12.916095
56 63 224.783010
56 64 126.133241
56 65 35.502654
56 66 98.490122
56 67 149.163842
56 68 180.934291
56 69 387.565116
56 70 177.301441
56 71 123.024143
56 72 337.151656
56 73 132.462451
56 74 151.040627
56 75 46.501592
56 76 64.472885
56 77 133.229540
56 78 74.922672
56 79 87.337764
56 80 48.677519
56 81 59.770989
56 82 154.111959
56 83 47.219848
56 84 16.947983
56 85 526.933126
56 86 139.915497
56 87 26.544622
56 88 229.486595
56 89 58.294509
56 90 346.978609
56 91 31.546465
56 92 183.922040
56 93 17.095815
56 94 139.303300
56 95 62.262067
56 96 394.777792
56 97 218.216803
56 98 311.373082
56 99 364.169469
56 100 64.727968
57 58 41.494609
57 59 13.046672
57 60 21.758634
57 61 36.128305
57 62 2.910192
57 63 50.610545
57 64 28.401284
57 65 7.993615
57 66 22.177517
57 67 33.585246
57 68 40.738863
57 69 87.259998
57 70 39.921819
57 71 27.699231
57 72 75.919848
57 73 29.827015
57 74 34.010779
57 75 10.472918
57 76 14.516458
57 77 29.998062
57 78 16.869945
57 79 19.663827
57 80 10.961502
57 81 13.458624
57 82 34.700545
57 83 10.632514
57 84 3.816784
57 85 118.641617
57 86 31.504952
57 87 5.979160
57 88 51.670337
57 89 13.126564
57 90 78.130211
57 91 7.103976
57 92 41.411643
57 93 3.850864
57 94 31.365254
57 95 14.022375
57 96 88.885197
57 97 49.132832
57 98 70.106883
57 99 81.992834
57 100 14.574476
58 59 61.465332
58 60 102.512652
58 61 170.203635
58 62 13.701351
58 63 238.461274
58 64 133.809376
58 65 37.663431
58 66 104.483976
58 67 158.239943
58 68 191.944925
58 69 411.148572
58 70 188.091701
58 71 130.511097
58 72 357.668176
58 73 140.523572
58 74 160.232338
58 75 49.333611
58 76 68.395565
58 77 141.338237
58 78 79.483569
58 79 92.651765
58 80 51.640352
58 81 63.406841
58 82 163.490797
58 83 50.094913
58 84 17.979369
58 85 558.997659
58 86 148.431436
58 87 28.163481
58 88 243.451132
58 89 61.841462
58 90 368.095840
58 91 33.465957
58 92 195.113777
58 93 18.136094
58 94 147.780253
58 95 66.053148
58 96 418.798735
58 97 231.494459
58 98 330.320066
58 99 386.327378
58 100 68.667216
59 60 32.230243
59 61 53.513493
59 62 4.310453
59 63 74.973955
59 64 42.073016
59 65 11.841969
59 66 32.851666
59 67 49.752352
59 68 60.349911
59 69 129.269937
59 70 59.139130
59 71 41.037406
59 72 112.457158
59 73 44.182931
59 74 50.379718
59 75 15.512784
59 76 21.509843
59 77 44.438883
59 78 24.990879
59 79 29.130948
59 80 16.236429
59 81 19.939377
59 82 51.405874
59 83 15.752893
59 84 5.654553
59 85 175.753326
59 86 46.670453
59 87 8.852375
59 88 76.544360
59 89 19.444682
59 90 115.730419
59 91 10.525288
59 92 61.347151
59 93 5.705195
59 94 46.466110
59 95 20.771811
59 96 131.673816
59 97 72.786791
59 98 103.856024
59 99 121.463809
59 100 21.591870
60 61 89.250540
60 62 7.186846
60 63 125.044447
60 64 70.167758
60 65 19.750457
60 66 54.792222
60 67 82.977455
60 68 100.652485
60 69 215.597674
60 70 98.631788
60 71 68.438678
60 72 187.555389
60 73 73.688929
60 74 84.024909
60 75 25.870036
60 76 35.868992
60 77 74.114524
60 78 41.679627
60 79 48.585725
60 80 27.078886
60 81 33.251029
60 82 85.732483
60 83 26.270325
60 84 9.426265
60 85 293.126941
60 86 77.835900
60 87 14.769655
60 88 127.661342
60 89 32.431132
60 90 193.021273
60 91 17.549923
60 92 102.315177
60 93 9.512220
60 94 77.493066
60 95 34.639990
60 96 219.609222
60 97 121.392845
60 98 173.212675
60 99 202.581434
60 100 36.009134
61 62 11.928967
61 63 207.613885
61 64 116.501377
61 65 32.790914
61 66 90.968305
61 67 137.770305
61 68 167.113390
61 69 357.960163
61 70 163.761580
61 71 113.628328
61 72 311.400289
61 73 122.345480
61 74 139.508080
61 75 42.954042
61 76 59.546744
61 77 123.052699
61 78 69.200932
61 79 80.665877
61 80 44.961282
61 81 55.205943
61 82 142.344907
61 83 43.615139
61 84 15.653674
61 85 486.686966
61 86 129.229446
61 87 24.519185
61 88 211.957982
61 89 53.841978
61 90 320.484490
61 91 29.138186
61 92 169.875616
61 93 15.791180
61 94 128.663166
61 95 57.508526
61 96 364.622525
61 97 201.549134
61 98 287.589637
61 99 336.351556
61 100 59.785893
62 63 16.712346
62 64 9.379965
62 65 2.640317
62 66 7.325269
62 67 11.090480
62 68 13.454738
62 69 28.815967
62 70 13.183250
62 71 9.149170
62 72 25.067763
62 73 9.849323
62 74 11.231977
62 75 3.458852
62 76 4.797748
62 77 9.907047
62 78 5.571098
62 79 6.496140
62 80 3.619952
62 81 4.447714
62 82 11.463753
62 83 3.515785
62 84 1.261749
62 85 39.178091
62 86 10.404236
62 87 1.975446
62 88 17.063311
62 89 4.336493
62 90 25.797067
62 91 2.347329
62 92 13.675677
62 93 1.273354
62 94 10.359158
62 95 4.631125
62 96 29.351610
62 97 16.225924
62 98 23.151292
62 99 27.075333
62 100 4.815365
63 64 163.224065
63 65 45.943329
63 66 127.452449
63 67 193.028540
63 68 234.140979
63 69 501.536970
63 70 229.440282
63 71 159.200165
63 72 436.296890
63 73 171.415620
63 74 195.454713
63 75 60.175447
63 76 83.432535
63 77 172.405576
63 78 96.954631
63 79 113.020888
63 80 62.991431
63 81 77.344548
63 82 199.430394
63 83 61.103558
63 84 21.930409
63 85 681.889977
63 86 181.059364
63 87 34.349621
63 88 296.970986
63 89 75.436561
63 90 449.012952
63 91 40.820505
63 92 238.007906
63 93 22.121532
63 94 180.266373
63 95 80.571670
63 96 510.872064
63 97 282.388018
63 98 402.938204
63 99 471.263093
63 100 83.760301
64 65 25.780079
64 66 71.519110
64 67 108.313555
64 68 131.383497
64 69 281.425945
64 70 128.747124
64 71 89.334032
64 72 244.820741
64 73 96.186153
64 74 109.678573
64 75 33.768349
64 76 46.817668
64 77 96.743227
64 78 54.405460
64 79 63.419055
64 80 35.346773
64 81 43.402769
64 82 111.907106
64 83 34.289059
64 84 12.307573
64 85 382.627307
64 86 101.599625
64 87 19.276996
64 88 166.639543
64 89 42.331860
64 90 251.954776
64 91 22.908781
64 92 133.553689
64 93 12.415408
64 94 101.154786
64 95 45.214563
64 96 286.663041
64 97 158.455882
64 98 226.100687
64 99 264.436807
64 100 47.002122
65 66 20.129909
65 67 30.487266
65 68 36.981151
65 69 79.213667
65 70 36.238110
65 71 25.144319
65 72 68.909795
65 73 27.073945
65 74 30.870505
65 75 9.504045
65 76 13.176911
65 77 27.229962
65 78 15.313292
65 79 17.851090
65 80 9.949229
65 81 12.216271
65 82 31.498385
65 83 9.651451
65 84 3.464215
65 85 107.699023
65 86 28.597128
65 87 5.425917
65 88 46.904112
65 89 11.914746
65 90 70.918149
65 91 6.447268
65 92 37.591520
65 93 3.494029
65 94 28.471767
65 95 12.725948
65 96 80.688206
65 97 44.601217
65 98 63.640953
65 99 74.432166
65 100 13.229267
66 67 84.575746
66 68 102.590375
66 69 219.748568
66 70 100.530128
66 71 69.756090
66 72 191.167693
66 73 75.109549
66 74 85.640932
66 75 26.367408
66 76 36.560534
66 77 75.542259
66 78 42.482090
66 79 49.521298
66 80 27.600461
66 81 33.891640
66 82 87.381175
66 83 26.775462
66 84 9.609044
66 85 298.770622
66 86 79.332968
66 87 15.052243
66 88 130.119601
66 89 33.054068
66 90 196.735922
66 91 17.888869
66 92 104.284388
66 93 9.695492
66 94 78.985152
66 95 35.306140
66 96 223.837950
66 97 123.728992
66 98 176.547720
66 99 206.483117
66 100 36.701303
67 68 155.372772
67 69 332.812612
67 70 152.252983
67 71 105.643146
67 72 289.522154
67 73 113.749079
67 74 129.701435
67 75 39.931079
67 76 55.363853
67 77 114.407021
67 78 64.338362
67 79 74.998741
67 80 41.800697
67 81 51.326049
67 82 132.339147
67 83 40.547078
67 84 14.552515
67 85 452.491690
67 86 120.149149
67 87 22.792979
67 88 197.066724
67 89 50.058661
67 90 297.961619
67 91 27.087920
67 92 157.939157
67 93 14.679632
67 94 119.622443
67 95 53.467417
67 96 339.007631
67 97 187.388805
67 98 267.384415
67 99 312.723770
67 100 55.582633
68 69 403.699541
68 70 184.681933
68 71 128.144491
68 72 351.187415
68 73 137.976451
68 74 157.327051
68 75 48.436015
68 76 67.154187
68 77 138.774126
68 78 78.040927
68 79 90.974213
68 80 50.703410
68 81 62.257742
68 82 160.525829
68 83 49.184181
68 84 17.653623
68 85 548.869565
68 86 145.739258
68 87 27.649709
68 88 239.039786
68 89 60.721370
68 90 361.421532
68 91 32.857736
68 92 191.578186
68 93 17.806226
68 94 145.101532
68 95 64.854798
68 96 411.212933
68 97 227.301233
68 98 324.334950
68 99 379.330867
68 100 67.421232
69 70 395.593876
69 71 274.488646
69 72 752.249186
69 73 295.548706
69 74 336.997336
69 75 103.751833
69 76 143.850672
69 77 297.256344
69 78 167.165437
69 79 194.867324
69 80 108.607405
69 81 133.356391
69 82 343.853856
69 83 105.351773
69 84 37.813170
69 85 1175.693354
69 86 312.177528
69 87 59.223017
69 88 512.028749
69 89 130.066715
69 90 774.174271
69 91 70.381887
69 92 410.364505
69 93 38.141277
69 94 310.812732
69 95 138.920455
69 96 880.829212
69 97 486.884548
69 98 694.733796
69 99 812.536731
69 100 144.417220
70 71 125.573289
70 72 344.136904
70 73 135.207184
70 74 154.170293
70 75 47.470096
70 76 65.809132
70 77 135.988465
70 78 76.475576
70 79 89.146880
70 80 49.686213
70 81 61.008217
70 82 157.306307
70 83 48.198390
70 84 17.299062
70 85 537.853514
70 86 142.814336
70 87 27.094971
70 88 234.240657
70 89 59.503247
70 90 354.167043
70 91 32.201609
70 92 187.733150
70 93 17.451278
70 94 142.189552
70 95 63.554681
70 96 402.955346
70 97 222.738250
70 98 317.823118
70 99 371.712700
70 100 66.069407
71 72 238.783230
71 73 93.815836
71 74 106.974572
71 75 32.936740
71 76 45.666616
71 77 94.359490
71 78 53.064265
71 79 61.855950
71 80 34.475039
71 81 42.334749
71 82 109.149384
71 83 33.445307
71 84 12.003325
71 85 373.195149
71 86 99.096651
71 87 18.799765
71 88 162.532395
71 89 41.288005
71 90 245.743370
71 91 22.344555
71 92 130.261574
71 93 12.110535
71 94 98.662633
71 95 44.099893
71 96 279.595958
71 97 154.551099
71 98 220.526674
71 99 257.917275
71 100 45.845168
72 73 257.106196
72 74 293.162965
72 75 90.259116
72 76 125.140764
72 77 258.589413
72 78 145.423336
72 79 169.513259
72 80 94.481278
72 81 116.011480
72 82 299.126509
72 83 91.649173
72 84 32.894545
72 85 1022.759737
72 86 271.569783
72 87 51.524279
72 88 445.425758
72 89 113.150564
72 90 673.476362
72 91 61.228393
72 92 356.985664
72 93 33.181698
72 94 270.383517
72 95 120.854868
72 96 766.250670
72 97 423.548174
72 98 604.363660
72 99 706.839492
72 100 125.631317
73 74 115.180338
73 75 35.462690
73 76 49.169153
73 77 101.597113
73 78 57.135215
73 79 66.601869
73 80 37.121816
73 81 45.579274
73 82 117.526700
73 83 36.014419
73 84 12.924515
73 85 401.827288
73 86 106.696600
73 87 20.241181
73 88 175.001332
73 89 44.455221
73 90 264.597477
73 91 24.056875
73 92 140.256031
73 93 13.037123
73 94 106.230310
73 95 47.480431
73 96 301.049263
73 97 166.408141
73 98 237.446392
73 99 277.707910
73 100 49.360125
74 75 40.437283
74 76 56.062545
74 77 115.847308
74 78 65.147955
74 79 75.942204
74 80 42.326935
74 81 51.973758
74 82 134.004805
74 83 41.061200
74 84 14.737030
74 85 458.182533
74 86 121.661989
74 87 23.080432
74 88 199.544668
74 89 50.690195
74 90 301.710865
74 91 27.431595
74 92 159.926664
74 93 14.866470
74 94 121.129041
74 95 54.142390
74 96 343.268251
74 97 189.746101
74 98 270.746732
74 99 316.653092
74 100 56.283600
75 76 17.263340
75 77 35.667456
75 78 20.058369
75 79 23.380427
75 80 13.031844
75 81 16.002561
75 82 41.258562
75 83 12.643902
75 84 4.537839
75 85 141.065793
75 86 37.457644
75 87 7.107075
75 88 61.435004
75 89 15.607521
75 90 92.889094
75 91 8.449748
75 92 49.239178
75 93 4.580278
75 94 37.294521
75 95 16.670372
75 96 105.681623
75 97 58.418695
75 98 83.355462
75 99 97.486337
75 100 17.330672
76 77 49.451386
76 78 27.810520
76 79 32.416680
76 80 18.067620
76 81 22.188782
76 82 57.203176
76 83 17.529311
76 84 6.290301
76 85 195.576341
76 86 51.935017
76 87 9.848443
76 88 85.177031
76 89 21.639351
76 90 128.785395
76 91 11.712063
76 92 68.267068
76 93 6.349003
76 94 51.706765
76 95 23.114565
76 96 146.525021
76 97 80.995535
76 98 115.569714
76 99 135.162340
76 100 24.028841
77 78 57.465141
77 79 66.986982
77 80 37.335877
77 81 45.844424
77 82 118.201965
77 83 36.218523
77 84 12.998604
77 85 404.150439
77 86 107.314810
77 87 20.358115
77 88 176.013930
77 89 44.709546
77 90 266.126663
77 91 24.196481
77 92 141.066390
77 93 13.113570
77 94 106.844857
77 95 47.757410
77 96 302.788641
77 97 167.370237
77 98 238.819932
77 99 279.312209
77 100 49.647311
78 79 37.670159
78 80 20.996549
78 81 25.781683
78 82 66.473547
78 83 20.367742
78 84 7.309912
78 85 227.278875
78 86 60.350413
78 87 11.448832
78 88 98.983330
78 89 25.144803
78 90 149.661778
78 91 13.607951
78 92 79.330433
78 93 7.374863
78 94 60.085510
78 95 26.857737
78 96 170.276810
78 97 94.122889
78 98 134.302810
78 99 157.074724
78 100 27.919991
79 80 24.474861
79 81 30.052248
79 82 77.485867
79 83 23.741582
79 84 8.522019
79 85 264.940936
79 86 70.348751
79 87 13.346938
79 88 115.385225
79 89 29.309786
79 90 174.458631
79 91 15.860673
79 92 92.475475
79 93 8.595526
79 94 70.041526
79 95 31.304571
79 96 198.493687
79 97 109.719002
79 98 156.557787
79 99 183.103949
79 100 32.544473
80 81 16.750194
80 82 43.187739
80 83 13.233337
80 84 4.749486
80 85 147.664364
80 86 39.208842
80 87 7.439573
80 88 64.309360
80 89 16.335507
80 90 97.236544
80 91 8.840503
80 92 51.541384
80 93 4.790782
80 94 39.037228
80 95 17.448151
80 96 110.629178
80 97 61.151912
80 98 87.256825
80 99 102.051936
80 100 18.138879
81 82 53.028710
81 83 16.250669
81 84 5.833141
81 85 181.310085
81 86 48.145189
81 87 9.135499
81 88 78.964988
81 89 20.060092
81 90 119.389984
81 91 10.858147
81 92 63.286271
81 93 5.886242
81 94 47.935829
81 95 21.428339
81 96 135.836856
81 97 75.086895
81 98 107.140238
81 99 125.304386
81 100 22.275541
82 83 41.897703
82 84 15.038141
82 85 467.503967
82 86 124.134365
82 87 23.549280
82 88 203.603279
82 89 51.723426
82 90 307.847192
82 91 27.988566
82 92 163.178574
82 93 15.168282
82 94 123.591840
82 95 55.239544
82 96 350.251677
82 97 193.605620
82 98 276.255265
82 99 323.096602
82 100 57.427189
83 84 4.608474
83 85 143.237607
83 86 38.036195
83 87 7.216860
83 88 62.383074
83 89 15.847271
83 90 94.320455
83 91 8.578653
83 92 49.997879
83 93 4.650516
83 94 37.869050
83 95 16.927618
83 96 107.312497
83 97 59.320359
83 98 84.642203
83 99 98.990853
83 100 17.599569
84 85 51.409271
84 86 13.651224
84 87 2.589300
84 88 22.389911
84 89 5.688770
84 90 33.852137
84 91 3.078549
84 92 17.944338
84 93 1.668724
84 94 13.592434
84 95 6.075312
84 96 38.516276
84 97 21.291176
84 98 30.380390
84 99 35.529680
84 100 6.317136
85 86 424.435608
85 87 80.522320
85 88 696.154277
85 89 176.836755
85 90 1052.570175
85 91 95.692663
85 92 557.932238
85 93 51.857652
85 94 422.577612
85 95 188.875543
85 96 1197.575394
85 97 661.968004
85 98 944.559823
85 99 1104.723969
85 100 196.349494
86 87 21.381269
86 88 184.848241
86 89 46.956996
86 90 279.486830
86 91 25.411111
86 92 148.146751
86 93 13.771158
86 94 112.207225
86 95 50.153951
86 96 317.986778
86 97 175.770672
86 98 250.806045
86 99 293.330712
86 100 52.139327
87 88 35.066943
87 89 8.910813
87 90 53.021035
87 91 4.821325
87 92 28.105098
87 93 2.613986
87 94 21.289154
87 95 9.514252
87 96 60.325218
87 97 33.345290
87 98 47.580203
87 99 55.647277
87 100 9.891670
88 89 77.015443
88 90 458.407138
88 91 41.676105
88 92 242.987144
88 93 22.585713
88 94 184.039078
88 95 82.259347
88 96 521.558090
88 97 288.295255
88 98 411.367659
88 99 481.120152
88 100 85.514098
89 90 116.443824
89 91 10.588139
89 92 61.725735
89 93 5.739783
89 94 46.750048
89 95 20.897984
89 96 132.485481
89 97 73.232827
89 98 104.495402
89 99 122.213650
89 100 21.723631
90 91 63.010641
90 92 367.391166
90 93 34.146714
90 94 278.260831
90 95 124.373454
90 96 788.582994
90 97 435.896238
90 98 621.978059
90 99 727.441352
90 100 129.294943
91 92 33.402115
91 93 3.108985
91 94 25.300324
91 95 11.310862
91 96 71.690381
91 97 39.629425
91 98 56.545910
91 99 66.131173
91 100 11.757421
92 93 18.101828
92 94 147.497589
92 95 65.926773
92 96 418.001907
92 97 231.054773
92 98 329.690832
92 99 385.592543
92 100 68.536277
93 94 13.712470
93 95 6.131088
93 96 38.850141
93 97 21.476372
93 98 30.643378
93 99 35.837403
93 100 6.373146
94 95 49.934448
94 96 316.594062
94 97 175.000688
94 98 249.707609
94 99 292.047048
94 100 51.909139
95 96 141.505261
95 97 78.219431
95 98 111.610502
95 99 130.532538
95 100 23.202913
96 97 495.945764
96 98 707.663583
96 99 827.660314
96 100 147.103798
97 98 391.166359
97 99 457.493033
97 100 81.316132
98 99 652.796710
98 100 116.027048
99 100 135.697111
