3.000000
0.100000
-0.900000
0.070000
20
4896.394506
1259.095009
8015.527101
6442.471781
1515.944495
404.663429
3767.209955
425.152567
5764.540803
362.000859
4205.423514
1710.876624
871.383263
836.937837
1339.620278
1562.965456
2078.237378
1195.119351
5350.825651
1907.534011
1 2 159.395076
1 3 1014.736726
1 4 815.573145
1 5 191.890530
1 6 51.202426
1 7 476.910146
1 8 53.822772
1 9 729.771050
1 10 45.804160
1 11 532.391528
1 12 216.575969
1 13 110.312516
1 14 105.951076
1 15 169.589450
1 16 197.866324
1 17 263.096514
1 18 151.298647
1 19 677.394843
1 20 241.486082
2 3 260.932085
2 4 209.723922
2 5 49.357677
2 6 13.169164
2 7 122.636954
2 8 13.841584
2 9 187.656992
2 10 11.785958
2 11 136.901927
2 12 55.697449
2 13 28.367217
2 14 27.246676
2 15 43.613006
2 16 50.880918
2 17 67.654541
2 18 38.906111
2 19 174.189887
2 20 62.099860
3 4 1335.115878
3 5 314.127367
3 6 83.819995
3 7 780.713334
3 8 88.108385
3 9 1194.655022
3 10 74.981758
3 11 871.538338
3 12 354.538166
3 13 180.583661
3 14 173.441085
3 15 277.620244
3 16 323.912983
3 17 430.694476
3 18 247.678574
3 19 1108.912773
3 20 395.316845
4 5 252.481704
4 6 67.367473
4 7 627.484335
4 8 70.816878
4 9 960.177966
4 10 60.274417
4 11 700.480819
4 12 284.959116
4 13 145.141070
4 14 139.403088
4 15 223.136416
4 16 260.338026
4 17 346.162595
4 18 199.066703
4 19 891.264564
4 20 317.731623
5 6 15.852663
5 7 147.638152
5 8 16.662160
5 9 225.913186
5 10 14.187795
5 11 164.812194
5 12 67.051689
5 13 34.150555
5 14 32.802517
5 15 52.502835
5 16 61.253159
5 17 81.447420
5 18 46.838856
5 19 209.699765
5 20 74.758374
6 7 39.394496
6 8 4.445960
6 9 60.280967
6 10 3.783548
6 11 43.977100
6 12 17.890400
6 13 9.112383
6 14 8.751867
6 15 14.009024
6 16 16.344354
6 17 21.731877
6 18 12.497297
6 19 55.955280
6 20 19.946790
7 8 41.410207
7 9 561.467720
7 10 35.242914
7 11 409.609488
7 12 166.630778
7 13 84.872637
7 14 81.517251
7 15 130.480342
7 16 152.233636
7 17 202.420853
7 18 116.405929
7 19 521.171775
7 20 185.795023
8 9 63.365637
8 10 3.978598
8 11 46.227493
8 12 18.807246
8 13 9.578945
8 14 9.200869
8 15 14.726657
8 16 17.180505
8 17 22.844806
8 18 13.137658
8 19 58.817774
8 20 20.968994
9 10 53.925713
9 11 626.786399
9 12 254.974645
9 13 129.871071
9 14 124.735942
9 15 199.657706
9 16 232.949063
9 17 309.744226
9 18 178.124295
9 19 797.499628
9 20 284.302109
10 11 39.340972
10 12 16.011946
10 13 8.151906
10 14 7.832067
10 15 12.535629
10 16 14.621385
10 17 19.443309
10 18 11.181696
10 19 50.058575
10 20 17.847450
11 12 186.014126
11 13 94.745605
11 14 90.999352
11 15 145.657456
11 16 169.943737
11 17 225.968789
11 18 129.947837
11 19 581.801892
11 20 207.407916
12 13 38.544572
12 14 37.020360
12 15 59.257107
12 16 69.132165
12 17 91.924742
12 18 52.864148
12 19 236.676214
12 20 84.376135
13 14 18.856087
13 15 30.181116
13 16 35.212913
13 17 46.821376
13 18 26.926161
13 19 120.550876
13 20 42.976465
14 15 28.990103
14 16 33.820008
14 17 44.971204
14 18 25.863103
14 19 115.784177
14 20 41.278284
15 16 54.134067
15 17 71.981563
15 18 41.394486
15 19 185.328713
15 20 66.070406
16 17 83.982455
16 18 48.295335
16 19 216.230196
16 20 77.084230
17 18 64.218768
17 19 287.514465
17 20 102.497748
18 19 165.340733
18 20 58.943575
19 20 263.898614
