3.000000
0.100000
-0.900000
0.070000
64
7070.129284
4002.230349
4942.475637
8636.654988
25524.394184
7309.076407
19779.911632
42196.100032
6895.209178
11193.587314
27095.832490
22015.482935
12942.274428
6285.800750
14741.352521
62642.251192
8321.305385
12270.861567
4030.040854
5619.338718
6524.641385
9685.289887
3298.908412
6236.122591
26065.991110
25307.299658
2614.957122
14859.304079
19015.991203
9190.536462
7236.467686
9875.941875
16406.988380
4311.017943
2814.176244
9144.676912
17851.654398
15960.381103
13668.521172
2859.939189
5231.849558
19421.926029
17917.551937
6390.818887
26150.458363
4890.938833
11159.293248
5448.933890
17124.442474
45327.258886
13324.485540
4739.382254
12905.339670
909.447659
1143.558265
7433.767851
11861.853795
4866.596111
1133.354653
15088.082973
24773.502501
4228.889361
49627.445880
12159.424854
1 2 35.781327
1 3 44.189135
1 4 77.214852
1 5 228.191902
1 6 65.347121
1 7 176.836906
1 8 377.239235
1 9 61.645528
1 10 100.074057
1 11 242.241503
1 12 196.822595
1 13 115.707426
1 14 56.198832
1 15 131.792773
1 16 560.029946
1 17 74.395960
1 18 109.705833
1 19 36.030593
1 20 50.239414
1 21 58.331498
1 22 86.590459
1 23 29.494714
1 24 55.753041
1 25 233.034418
1 26 226.251156
1 27 23.380188
1 28 132.846471
1 29 170.007015
1 30 82.166291
1 31 64.699628
1 32 88.295193
1 33 146.681461
1 34 38.544619
1 35 25.160715
1 36 81.756569
1 37 159.598588
1 38 142.689966
1 39 122.201582
1 40 25.569354
1 41 46.776093
1 42 173.635680
1 43 160.187204
1 44 57.135929
1 45 233.790478
1 46 43.728016
1 47 99.769884
1 48 48.718806
1 49 153.096673
1 50 405.231084
1 51 119.125084
1 52 42.373243
1 53 115.377237
1 54 8.130414
1 55 10.225140
1 56 66.460341
1 57 106.048688
1 58 43.508328
1 59 10.136057
1 60 134.891487
1 61 221.479151
1 62 37.809785
1 63 443.676345
1 64 108.709370
2 3 25.013349
2 4 43.708423
2 5 129.173638
2 6 36.989976
2 7 100.100600
2 8 213.544570
2 9 34.896355
2 10 56.648316
2 11 137.125819
2 12 111.413877
2 13 65.497815
2 14 31.810931
2 15 74.603493
2 16 317.019135
2 17 42.112207
2 18 62.100506
2 19 20.394795
2 20 28.438649
2 21 33.020143
2 22 49.015492
2 23 16.695005
2 24 31.559999
2 25 131.914416
2 26 128.074980
2 27 13.234329
2 28 75.199224
2 29 96.235896
2 30 46.511965
2 31 36.623820
2 32 49.981102
2 33 83.031765
2 34 21.818007
2 35 14.241519
2 36 46.280541
2 37 90.344644
2 38 80.771939
2 39 69.174161
2 40 14.473485
2 41 26.477120
2 42 98.289410
2 43 90.676944
2 44 32.338975
2 45 132.341568
2 46 24.752133
2 47 56.477909
2 48 27.578918
2 49 86.663669
2 50 229.390474
2 51 67.431788
2 52 23.986188
2 53 65.311132
2 54 4.602572
2 55 5.787079
2 56 37.621305
2 57 60.033180
2 58 24.628730
2 59 5.737512
2 60 76.357386
2 61 125.372884
2 62 21.402088
2 63 251.152757
2 64 61.536372
3 4 53.978047
3 5 159.521635
3 6 45.681392
3 7 123.620789
3 8 263.715736
3 9 43.093955
3 10 69.958421
3 11 169.343189
3 12 137.593051
3 13 80.886337
3 14 39.286276
3 15 92.129731
3 16 391.499171
3 17 52.008255
3 18 76.691269
3 19 25.187489
3 20 35.120361
3 21 40.777542
3 22 60.531751
3 23 20.618267
3 24 38.974763
3 25 162.906756
3 26 158.165061
3 27 16.343427
3 28 92.868045
3 29 118.846102
3 30 57.439731
3 31 45.226969
3 32 61.723615
3 33 102.540420
3 34 26.945278
3 35 17.587392
3 36 57.151898
3 37 111.569239
3 38 99.748760
3 39 85.426404
3 40 17.874577
3 41 32.698943
3 42 121.381920
3 43 111.981304
3 44 39.941500
3 45 163.434440
3 46 30.568262
3 47 69.745042
3 48 34.054794
3 49 107.024445
3 50 283.284416
3 51 83.276376
3 52 29.620747
3 53 80.656492
3 54 5.685293
3 55 7.148454
3 56 46.460223
3 57 74.134351
3 58 30.415298
3 59 7.083742
3 60 94.297692
3 61 154.829003
3 62 26.430694
3 63 310.160683
3 64 75.994206
4 5 278.755430
4 6 79.823924
4 7 216.019717
4 8 460.829463
4 9 75.303454
4 10 122.247067
4 11 295.918573
4 12 240.432783
4 13 141.345105
4 14 68.648915
4 15 160.995059
4 16 684.123450
4 17 90.878588
4 18 134.011871
4 19 44.012684
4 20 61.370113
4 21 71.256275
4 22 105.776795
4 23 36.028132
4 24 68.105915
4 25 284.669963
4 26 276.384221
4 27 28.559052
4 28 162.281422
4 29 207.676348
4 30 100.371826
4 31 79.031518
4 32 107.856561
4 33 179.182883
4 34 47.081977
4 35 30.734388
4 36 99.869566
4 37 194.960989
4 38 174.306415
4 39 149.276516
4 40 31.234825
4 41 57.138392
4 42 212.109325
4 43 195.680893
4 44 69.794950
4 45 285.592263
4 46 53.414861
4 47 121.873331
4 48 59.510343
4 49 187.018784
4 50 495.024115
4 51 145.519647
4 52 51.759631
4 53 140.941420
4 54 9.930151
4 55 12.488362
4 56 81.184960
4 57 129.545700
4 58 53.148842
4 59 12.378769
4 60 164.779781
4 61 270.554612
4 62 46.185283
4 63 541.987949
4 64 132.795896
5 6 235.906798
5 7 638.416887
5 8 1361.929295
5 9 222.550498
5 10 361.285316
5 11 874.547722
5 12 710.562900
5 13 417.722234
5 14 202.878340
5 15 475.785022
5 16 2021.853209
5 17 268.574821
5 18 396.054075
5 19 130.071811
5 20 181.369991
5 21 210.590505
5 22 312.596136
5 23 106.474940
5 24 201.276916
5 25 841.310833
5 26 816.825333
5 27 84.395996
5 28 479.598603
5 29 613.763271
5 30 296.633588
5 31 233.557903
5 32 318.753646
5 33 529.555430
5 34 139.140417
5 35 90.824114
5 36 295.142724
5 37 576.181839
5 38 515.136280
5 39 441.165912
5 40 92.305605
5 41 168.860163
5 42 626.854000
5 43 578.308141
5 44 206.270339
5 45 844.033829
5 46 157.858658
5 47 360.174892
5 48 175.862888
5 49 552.710076
5 50 1462.994783
5 51 430.060551
5 52 152.964350
5 53 416.532663
5 54 29.348335
5 55 36.906925
5 56 239.930022
5 57 382.851352
5 58 157.074788
5 59 36.575933
5 60 486.983014
5 61 799.595083
5 62 136.487994
5 63 1601.784720
5 64 392.454128
6 7 182.813968
6 8 389.993688
6 9 63.728985
6 10 103.456672
6 11 250.431118
6 12 203.475000
6 13 119.617357
6 14 58.098241
6 15 136.244789
6 16 578.964864
6 17 76.909496
6 18 113.414635
6 19 37.248093
6 20 51.936368
6 21 60.303348
6 22 89.515170
6 23 30.490703
6 24 57.637529
6 25 240.912950
6 26 233.901201
6 27 24.169265
6 28 137.336363
6 29 175.754221
6 30 84.943115
6 31 66.884162
6 32 91.278717
6 33 151.640366
6 34 39.846123
6 35 26.009535
6 36 84.519116
6 37 164.992631
6 38 147.513529
6 39 126.331301
6 40 26.433252
6 41 48.355033
6 42 179.505026
6 43 165.601964
6 44 59.066598
6 45 241.693934
6 46 45.205401
6 47 103.140009
6 48 50.362550
6 49 158.271191
6 50 418.932709
6 51 123.151248
6 52 43.803345
6 53 119.277064
6 54 8.404477
6 55 10.568899
6 56 68.706697
6 57 109.632127
6 58 44.979240
6 59 10.476961
6 60 139.450737
6 61 228.967077
6 62 39.085958
6 63 458.677139
6 64 112.382560
7 8 1055.410037
7 9 172.462942
7 10 279.973950
7 11 677.721027
7 12 550.644145
7 13 323.709462
7 14 157.219628
7 15 368.707638
7 16 1566.809522
7 17 208.130496
7 18 306.917801
7 19 100.797830
7 20 140.551253
7 21 163.194387
7 22 242.246266
7 23 82.511493
7 24 155.977994
7 25 651.963625
7 26 632.988227
7 27 65.403138
7 28 371.660310
7 29 475.628603
7 30 229.873697
7 31 180.994396
7 32 247.016038
7 33 410.371841
7 34 107.825962
7 35 70.383893
7 36 228.719593
7 37 446.505091
7 38 399.199812
7 39 341.876670
7 40 71.532276
7 41 130.857619
7 42 485.776837
7 43 448.154358
7 44 159.847357
7 45 654.074579
7 46 122.331445
7 47 279.114507
7 48 136.285226
7 49 428.317021
7 50 1133.727441
7 51 333.272412
7 52 118.537340
7 53 322.788126
7 54 22.743043
7 55 28.601803
7 56 185.930867
7 57 296.688055
7 58 121.723330
7 59 28.345583
7 60 377.382571
7 61 619.635643
7 62 105.772056
7 63 1241.284181
7 64 304.129687
8 9 367.913955
8 10 597.263975
8 11 1445.774889
8 12 1174.678407
8 13 690.564059
8 14 335.392570
8 15 786.552642
8 16 3342.462920
8 17 443.998583
8 18 654.744369
8 19 215.029408
8 20 299.834907
8 21 348.141523
8 22 516.773588
8 23 176.018881
8 24 332.744148
8 25 1390.827724
8 26 1350.349591
8 27 139.520321
8 28 792.857871
8 29 1014.652716
8 30 490.384768
8 31 386.111358
8 32 526.952824
8 33 875.442847
8 34 230.022361
8 35 150.145702
8 36 487.920962
8 37 952.523806
8 38 851.606519
8 39 729.320708
8 40 152.595063
8 41 279.154147
8 42 1036.297682
8 43 956.041010
8 44 341.000449
8 45 1395.329938
8 46 260.966502
8 47 595.428292
8 48 290.730450
8 49 913.721007
8 50 2418.574785
8 51 710.961575
8 52 252.874350
8 53 688.598265
8 54 48.517150
8 55 61.013218
8 56 396.643347
8 57 632.916680
8 58 259.671448
8 59 60.464695
8 60 805.064360
8 61 1321.863146
8 62 225.637273
8 63 2648.019458
8 64 648.791909
9 10 97.598083
9 11 236.251971
9 12 191.953435
9 13 112.844039
9 14 54.806572
9 15 128.530112
9 16 546.187047
9 17 72.553347
9 18 106.991741
9 19 35.138051
9 20 48.995870
9 21 56.889545
9 22 84.444995
9 23 28.763169
9 24 54.373231
9 25 227.272931
9 26 220.658354
9 27 22.799409
9 28 129.559682
9 29 165.803070
9 30 80.133253
9 31 63.093976
9 32 86.109270
9 33 143.054887
9 34 37.588702
9 35 24.535281
9 36 79.731032
9 37 155.650563
9 38 139.160359
9 39 119.177909
9 40 24.935211
9 41 45.616403
9 42 169.341340
9 43 156.225286
9 44 55.722801
9 45 228.009224
9 46 42.644444
9 47 97.298730
9 48 47.509238
9 49 149.310434
9 50 395.215449
9 51 116.177569
9 52 41.322152
9 53 112.522969
9 54 7.929212
9 55 9.970182
9 56 64.815699
9 57 103.424377
9 58 42.432885
9 59 9.881266
9 60 131.554236
9 61 216.003454
9 62 36.871446
9 63 432.708425
9 64 106.018318
10 11 383.526531
10 12 311.613364
10 13 183.190088
10 14 88.972020
10 15 208.652999
10 16 886.668924
10 17 117.783204
10 18 173.688183
10 19 57.043496
10 20 79.540148
10 21 92.352868
10 22 137.088040
10 23 46.694782
10 24 88.269731
10 25 368.952533
10 26 358.212031
10 27 37.011794
10 28 210.325497
10 29 269.161951
10 30 130.087908
10 31 102.427273
10 32 139.789931
10 33 232.233474
10 34 61.021144
10 35 39.831953
10 36 129.437461
10 37 252.682248
10 38 225.912449
10 39 193.471311
10 40 40.481829
10 41 74.054686
10 42 274.903676
10 43 253.614038
10 44 90.458867
10 45 370.148493
10 46 69.229942
10 47 157.954509
10 48 77.124996
10 49 242.388571
10 50 641.585076
10 51 188.601605
10 52 67.083518
10 53 182.668204
10 54 12.870590
10 55 16.186124
10 56 105.220013
10 57 167.898459
10 58 68.883955
10 59 16.042474
10 60 213.563803
10 61 350.656905
10 62 59.857733
10 63 702.451724
10 64 172.109120
11 12 754.310328
11 13 443.441119
11 14 215.369747
11 15 505.083189
11 16 2146.324467
11 17 285.109969
11 18 420.437379
11 19 138.079536
11 20 192.536490
11 21 223.555067
11 22 331.846917
11 23 113.029005
11 24 213.668431
11 25 893.104356
11 26 867.111332
11 27 89.594649
11 28 509.125559
11 29 651.548042
11 30 314.895496
11 31 247.940038
11 32 338.377485
11 33 562.155653
11 34 147.707470
11 35 96.417105
11 36 313.315901
11 37 611.653040
11 38 546.849886
11 39 468.326303
11 40 97.988283
11 41 179.256274
11 42 665.449708
11 43 613.912176
11 44 218.969651
11 45 895.996138
11 46 167.577548
11 47 382.348405
11 48 186.694277
11 49 586.736436
11 50 1553.059581
11 51 456.537296
11 52 162.381729
11 53 442.176795
11 54 31.155306
11 55 39.178944
11 56 254.701215
11 57 406.422605
11 58 166.745047
11 59 38.828188
11 60 516.963964
11 61 848.819527
11 62 144.892169
11 63 1700.395958
11 64 416.616687
12 13 360.294494
12 14 174.987836
12 15 410.377196
12 16 1743.871418
12 17 231.652309
12 18 341.602621
12 19 112.190762
12 20 156.435824
12 21 181.636903
12 22 269.621523
12 23 91.837622
12 24 173.605105
12 25 725.640553
12 26 704.519440
12 27 72.795973
12 28 413.661299
12 29 529.378477
12 30 255.852580
12 31 201.455453
12 32 274.931889
12 33 456.747187
12 34 120.013289
12 35 78.340147
12 36 254.564263
12 37 496.963933
12 38 444.306415
12 39 380.513496
12 40 79.616546
12 41 145.645774
12 42 540.673885
12 43 498.798744
12 44 177.912654
12 45 727.988442
12 46 136.157324
12 47 310.658538
12 48 151.690827
12 49 476.722124
12 50 1261.847712
12 51 370.933331
12 52 131.937073
12 53 359.266651
12 54 25.311326
12 55 31.836339
12 56 206.943841
12 57 330.215072
12 58 135.478896
12 59 31.548999
12 60 420.030000
12 61 689.659712
12 62 117.725859
12 63 1381.556326
12 64 338.501643
13 14 102.870803
13 15 241.260812
13 16 1025.176726
13 17 136.183234
13 18 200.819688
13 19 65.952984
13 20 91.964091
13 21 106.779560
13 22 158.511187
13 23 53.988157
13 24 102.057558
13 25 426.585236
13 26 414.169212
13 27 42.798928
13 28 243.181490
13 29 311.208374
13 30 150.408914
13 31 118.429850
13 32 161.624999
13 33 268.510366
13 34 70.552264
13 35 46.052535
13 36 149.657065
13 37 292.152430
13 38 261.200828
13 39 223.693768
13 40 46.805407
13 41 85.622028
13 42 317.849538
13 43 293.232080
13 44 104.590294
13 45 427.967610
13 46 80.042969
13 47 182.627419
13 48 89.181686
13 49 280.252350
13 50 741.808181
13 51 218.062911
13 52 77.563678
13 53 211.204216
13 54 14.881475
13 55 18.713941
13 56 121.657846
13 57 194.126136
13 58 79.644573
13 59 18.549841
13 60 246.926179
13 61 405.433610
13 62 69.208637
13 63 812.183452
13 64 198.998111
14 15 117.172022
14 16 497.906449
14 17 66.142701
14 18 97.536526
14 19 32.033627
14 20 44.665132
14 21 51.860353
14 22 76.984460
14 23 26.222434
14 24 49.568506
14 25 207.183840
14 26 201.153303
14 27 20.785701
14 28 118.109605
14 29 151.147703
14 30 73.051118
14 31 57.522455
14 32 78.499849
14 33 130.410079
14 34 34.268147
14 35 22.369271
14 36 72.685924
14 37 141.893336
14 38 126.861086
14 39 108.644596
14 40 22.733034
14 41 41.585743
14 42 154.375470
14 43 142.417222
14 44 50.797457
14 45 207.855459
14 46 38.876690
14 47 88.700671
14 48 43.313079
14 49 136.112719
14 50 360.279021
14 51 105.910756
14 52 37.671368
14 53 102.578335
14 54 7.226905
14 55 9.090123
14 56 59.087322
14 57 94.282981
14 58 38.681839
14 59 9.010242
14 60 119.927936
14 61 196.910192
14 62 33.614960
14 63 394.459623
14 64 96.650158
15 16 1167.676774
15 17 155.115226
15 18 228.734227
15 19 75.121698
15 20 104.748263
15 21 121.621990
15 22 180.559975
15 23 61.493355
15 24 116.243867
15 25 485.880596
15 26 471.737833
15 27 48.753598
15 28 276.985520
15 29 354.466060
15 30 171.316960
15 31 134.898210
15 32 184.090645
15 33 305.832162
15 34 80.360268
15 35 52.459003
15 36 170.464478
15 37 332.762251
15 38 297.509301
15 39 254.788500
15 40 53.313763
15 41 97.526035
15 42 362.037510
15 43 333.992440
15 44 119.127947
15 45 487.455136
15 46 91.169239
15 47 208.015152
15 48 101.590633
15 49 319.208014
15 50 844.916221
15 51 248.375129
15 52 88.346433
15 53 240.563621
15 54 16.949185
15 55 21.315601
15 56 138.569092
15 57 221.111952
15 58 90.715100
15 59 21.129609
15 60 281.248989
15 61 461.787693
15 62 78.832353
15 63 925.076647
15 64 226.661958
16 17 659.138175
16 18 972.000741
16 19 319.221620
16 20 445.119900
16 21 516.833836
16 22 767.176294
16 23 261.308313
16 24 493.975552
16 25 2064.753919
16 26 2004.662730
16 27 207.124719
16 28 1177.035322
16 29 1506.303833
16 30 728.001317
16 31 573.199548
16 32 782.287320
16 33 1299.638559
16 34 341.478824
16 35 222.899030
16 36 724.343286
16 37 1414.070888
16 38 1264.252924
16 39 1082.713680
16 40 226.535386
16 41 414.417989
16 42 1538.435531
16 43 1419.290014
16 44 506.232154
16 45 2071.438222
16 46 387.417619
16 47 883.946832
16 48 431.603676
16 49 1356.465422
16 50 3590.497264
16 51 1055.458543
16 52 375.405939
16 53 1022.258189
16 54 72.024246
16 55 90.578131
16 56 588.836900
16 57 939.597389
16 58 385.495634
16 59 89.763364
16 60 1195.158804
16 61 1962.372280
16 62 334.969503
16 63 3931.118110
16 64 963.164569
17 18 129.118475
17 19 42.406498
17 20 59.129270
17 21 68.654005
17 22 101.914472
17 23 34.714274
17 24 65.619267
17 25 274.273646
17 26 266.290206
17 27 27.516953
17 28 156.354573
17 29 200.092022
17 30 96.707121
17 31 76.145575
17 32 103.919108
17 33 172.639896
17 34 45.363818
17 35 29.612708
17 36 96.223470
17 37 187.840763
17 38 167.940485
17 39 143.824741
17 40 30.095503
17 41 55.052491
17 42 204.362382
17 43 188.534201
17 44 67.246253
17 45 275.162707
17 46 51.465245
17 47 117.424453
17 48 57.337501
17 49 180.188327
17 50 476.945010
17 51 140.205468
17 52 49.870611
17 53 135.794950
17 54 9.568935
17 55 12.032897
17 56 78.221190
17 57 124.814410
17 58 51.207778
17 59 11.928189
17 60 158.761325
17 61 260.674448
17 62 44.499743
17 63 522.193011
17 64 127.947335
18 19 62.532852
18 20 87.193783
18 21 101.241015
18 22 150.281354
18 23 51.188314
18 24 96.764414
18 25 404.458408
18 26 392.686936
18 27 40.574712
18 28 230.567031
18 29 295.065741
18 30 142.606612
18 31 112.286403
18 32 153.242109
18 33 254.582477
18 34 66.894135
18 35 43.664911
18 36 141.891032
18 37 276.998619
18 38 247.652997
18 39 212.091142
18 40 44.376643
18 41 81.180124
18 42 301.362028
18 43 278.021509
18 44 99.165043
18 45 405.768971
18 46 75.891934
18 47 173.155033
18 48 84.548694
18 49 265.714192
18 50 703.329763
18 51 206.752303
18 52 73.537909
18 53 200.248040
18 54 14.108936
18 55 17.743699
18 56 115.347226
18 57 184.055367
18 58 75.513698
18 59 17.586028
18 60 234.116936
18 61 384.402891
18 62 65.618109
18 63 770.054303
18 64 188.672667
19 20 28.636745
19 21 33.249212
19 22 49.356835
19 23 16.813179
19 24 31.779892
19 25 132.831671
19 26 128.965113
19 27 13.326268
19 28 75.723511
19 29 96.905442
19 30 46.835607
19 31 36.878330
19 32 50.329017
19 33 83.610323
19 34 21.970833
19 35 14.343523
19 36 46.601535
19 37 90.971805
19 38 81.334430
19 39 69.655520
19 40 14.575558
19 41 26.662240
19 42 98.972687
19 43 91.307801
19 44 32.567754
19 45 133.262073
19 46 24.925437
19 47 56.869477
19 48 27.768616
19 49 87.266704
19 50 230.985765
19 51 67.902191
19 52 24.152880
19 53 65.766198
19 54 4.634103
19 55 5.827771
19 56 37.883011
19 57 60.448288
19 58 24.800031
19 59 5.777354
19 60 76.888896
19 61 126.245713
19 62 21.551701
19 63 252.898963
19 64 61.964517
20 21 46.362526
20 22 68.821922
20 23 23.441567
20 24 44.312829
20 25 185.218895
20 26 179.826839
20 27 18.581510
20 28 105.586752
20 29 135.123188
20 30 65.306087
20 31 51.421136
20 32 70.176081
20 33 116.584222
20 34 30.634235
20 35 19.995923
20 36 64.978679
20 37 126.850287
20 38 113.410830
20 39 97.125769
20 40 20.322481
20 41 37.176179
20 42 138.005613
20 43 127.317709
20 44 45.411951
20 45 185.818520
20 46 34.754166
20 47 79.296098
20 48 38.719256
20 49 121.682766
20 50 322.084325
20 51 94.680700
20 52 33.677276
20 53 91.702641
20 54 6.461191
20 55 8.125259
20 56 52.821898
20 57 84.287697
20 58 34.580678
20 59 8.053990
20 60 107.212652
20 61 176.034634
20 62 30.049686
20 63 352.640389
20 64 86.401887
21 22 79.906670
21 23 27.217097
21 24 51.451055
21 25 215.058958
21 26 208.800101
21 27 21.573461
21 28 122.596735
21 29 156.892448
21 30 75.826475
21 31 59.702782
21 32 81.481221
21 33 135.366626
21 34 35.567473
21 35 23.216313
21 36 75.445577
21 37 147.285287
21 38 131.680817
21 39 112.772442
21 40 23.595231
21 41 43.164543
21 42 160.239153
21 43 147.829312
21 44 52.727881
21 45 215.755249
21 46 40.352609
21 47 92.069121
21 48 44.954601
21 49 141.285528
21 50 373.975873
21 51 109.933683
21 52 39.101715
21 53 106.475643
21 54 7.501330
21 55 9.434890
21 56 61.331308
21 57 97.865980
21 58 40.152624
21 59 9.349282
21 60 124.484124
21 61 204.395075
21 62 34.889548
21 63 409.454128
21 64 100.320155
22 23 40.402034
22 24 76.373901
22 25 319.228164
22 26 309.936562
22 27 32.031905
22 28 181.983289
22 29 232.887979
22 30 112.557346
22 31 88.630109
22 32 120.950392
22 33 200.934778
22 34 52.798925
22 35 34.467904
22 36 111.998021
22 37 218.629026
22 38 195.466954
22 39 167.399763
22 40 35.029332
22 41 64.076693
22 42 237.864433
22 43 219.437619
22 44 78.267623
22 45 320.263509
22 46 59.899322
22 47 136.669071
22 48 66.747938
22 49 209.723515
22 50 555.117348
22 51 163.186032
22 52 58.046032
22 53 158.053540
22 54 11.137697
22 55 14.004567
22 56 91.041542
22 57 145.274631
22 58 59.600506
22 59 13.883865
22 60 184.785769
22 61 303.399395
22 62 51.795714
22 63 607.784485
22 64 148.921595
23 24 26.014675
23 25 108.733521
23 26 105.568070
23 27 10.908293
23 28 61.985766
23 29 79.325139
23 30 38.338890
23 31 30.188642
23 32 41.198877
23 33 68.443090
23 34 17.985069
23 35 11.740831
23 36 38.146052
23 37 74.467671
23 38 66.579327
23 39 57.019153
23 40 11.932339
23 41 21.825370
23 42 81.017100
23 43 74.742753
23 44 26.659132
23 45 109.085624
23 46 20.403676
23 47 46.551790
23 48 22.731105
23 49 71.434961
23 50 189.081536
23 51 55.584097
23 52 19.770808
23 53 53.834992
23 54 3.793106
23 55 4.769951
23 56 31.010638
23 57 49.482051
23 58 20.300683
23 59 4.729124
23 60 62.940077
23 61 103.343612
23 62 17.641946
23 63 207.018223
23 64 50.723649
24 25 205.548205
24 26 199.565102
24 27 20.620050
24 28 117.175871
24 29 149.954212
24 30 72.474232
24 31 57.064362
24 32 77.879179
24 33 129.380589
24 34 33.996322
24 35 22.190846
24 36 72.109939
24 37 140.772721
24 38 125.858606
24 39 107.785945
24 40 22.552900
24 41 41.256625
24 42 153.152950
24 43 141.292299
24 44 50.395731
24 45 206.213840
24 46 38.568911
24 47 87.999733
24 48 42.967374
24 49 135.038300
24 50 357.435388
24 51 105.073510
24 52 37.373314
24 53 101.767698
24 54 7.167648
24 55 9.017050
24 56 58.619582
24 57 93.537955
24 58 38.376392
24 59 8.938037
24 60 118.979486
24 61 195.355950
24 62 33.348390
24 63 391.345111
24 64 95.884931
25 26 834.157156
25 27 86.186301
25 28 489.774966
25 29 626.786414
25 30 302.928090
25 31 238.514754
25 32 325.517833
25 33 540.791452
25 34 142.093063
25 35 92.751114
25 36 301.406922
25 37 588.407843
25 38 526.067775
25 39 450.526667
25 40 94.263878
25 41 172.443965
25 42 640.158394
25 43 590.579648
25 44 210.647622
25 45 861.943905
25 46 161.208792
25 47 367.817702
25 48 179.594301
25 49 564.437426
25 50 1494.037246
25 51 439.186328
25 52 156.210005
25 53 425.371329
25 54 29.971165
25 55 37.690674
25 56 245.019925
25 57 390.974767
25 58 160.407835
25 59 37.351488
25 60 497.316407
25 61 816.560609
25 62 139.384451
25 63 1635.773350
25 64 400.782125
26 27 83.677705
26 28 475.520030
26 29 608.544108
26 30 294.110646
26 31 231.571715
26 32 316.042990
26 33 525.051814
26 34 137.957101
26 35 90.049581
26 36 292.632447
26 37 571.281903
26 38 510.755784
26 39 437.413926
26 40 91.519350
26 41 167.423703
26 42 621.525986
26 43 573.390572
26 44 204.516737
26 45 836.857396
26 46 156.516506
26 47 357.111839
26 48 174.364909
26 49 548.009095
26 50 1450.555273
26 51 426.403210
26 52 151.663268
26 53 412.990298
26 54 29.097273
26 55 36.593751
26 56 237.889337
26 57 379.594873
26 58 155.739483
26 59 36.263641
26 60 482.841612
26 61 792.795215
26 62 135.326198
26 63 1588.165201
26 64 389.116313
27 28 49.133278
27 29 62.876422
27 30 30.388998
27 31 23.933129
27 32 32.656054
27 33 54.248597
27 34 14.256650
27 35 9.308304
27 36 30.239234
27 37 59.027455
27 38 52.774303
27 39 45.196535
27 40 9.458234
27 41 17.300590
27 42 64.222372
27 43 59.244689
27 44 21.132775
27 45 86.467504
27 46 16.173138
27 47 36.900849
27 48 18.027353
27 49 56.622651
27 50 149.870931
27 51 44.057674
27 52 15.674156
27 53 42.672997
27 54 3.006898
27 55 3.781244
27 56 24.581805
27 57 39.223309
27 58 16.091300
27 59 3.751951
27 60 49.890837
27 61 81.912525
27 62 13.986249
27 63 164.091435
27 64 40.209633
28 29 357.307290
28 30 172.689019
28 31 135.971044
28 32 185.566529
28 33 308.284562
28 34 81.003939
28 35 52.875455
28 36 171.822365
28 37 335.429770
28 38 299.891971
28 39 256.829597
28 40 53.737955
28 41 98.305521
28 42 364.929504
28 43 336.667714
28 44 120.082529
28 45 491.361283
28 46 91.899713
28 47 209.680926
28 48 102.383011
28 49 321.764971
28 50 851.690741
28 51 250.364716
28 52 89.051254
28 53 242.489349
28 54 17.086808
28 55 21.486285
28 56 139.678307
28 57 222.881962
28 58 91.442546
28 59 21.295407
28 60 283.503029
28 61 465.489483
28 62 79.460314
28 63 932.490356
28 64 228.473153
29 30 220.996261
29 31 174.005443
29 32 237.476352
29 33 394.524759
29 34 103.662246
29 35 67.665197
29 36 219.885717
29 37 429.262050
29 38 383.782910
29 39 328.674116
29 40 68.769076
29 41 125.803501
29 42 467.015816
29 43 430.846801
29 44 153.674359
29 45 628.815530
29 46 117.607036
29 47 268.335980
29 48 131.020991
29 49 411.775390
29 50 1089.947019
29 51 320.400920
29 52 113.960968
29 53 310.322405
29 54 21.864363
29 55 27.496792
29 56 178.750878
29 57 285.229248
29 58 117.022753
29 59 27.251110
29 60 362.808394
29 61 595.706993
29 62 101.686219
29 63 1193.347737
29 64 292.383380
30 31 84.098481
30 32 114.774113
30 33 190.675198
30 34 50.101565
30 35 32.703928
30 36 106.273211
30 37 207.465026
30 38 185.484595
30 39 158.850189
30 40 33.237232
30 41 60.802925
30 42 225.710737
30 43 208.230573
30 44 74.271390
30 45 303.909099
30 46 56.840603
30 47 129.689656
30 48 63.324570
30 49 199.013329
30 50 526.773920
30 51 154.852009
30 52 55.079253
30 53 149.980801
30 54 10.568196
30 55 13.289992
30 56 86.391111
30 57 137.853463
30 58 56.557517
30 59 13.172067
30 60 175.347445
30 61 287.907063
30 62 49.146900
30 63 576.748683
30 64 141.311169
31 32 90.372712
31 33 150.130754
31 34 39.451691
31 35 25.753598
31 36 83.681702
31 37 163.350701
31 38 146.045359
31 39 125.075372
31 40 26.172107
31 41 47.876627
31 42 177.718723
31 43 163.954552
31 44 58.478003
31 45 239.289203
31 46 44.756373
31 47 102.115488
31 48 49.867040
31 49 156.697374
31 50 414.760041
31 51 121.926150
31 52 43.370523
31 53 118.091548
31 54 8.319203
31 55 10.463478
31 56 68.023042
31 57 108.543355
31 58 44.531413
31 59 10.373626
31 60 138.063738
31 61 226.687200
31 62 38.699815
31 63 454.109432
31 64 111.267116
32 33 204.894698
32 34 53.839071
32 35 35.144893
32 36 114.199195
32 37 222.936096
32 38 199.317001
32 39 170.696879
32 40 35.716732
32 41 65.336664
32 42 242.544086
32 43 223.758731
32 44 79.810481
32 45 326.572953
32 46 61.080819
32 47 139.360800
32 48 68.047566
32 49 213.854101
32 50 566.054915
32 51 166.400167
32 52 59.187277
32 53 161.164907
32 54 11.356115
32 55 14.281882
32 56 92.834320
32 57 148.134140
32 58 60.775384
32 59 14.156096
32 60 188.423052
32 61 309.376829
32 62 52.812432
32 63 619.757887
32 64 151.849410
33 34 89.439568
33 35 58.381765
33 36 189.716525
33 37 370.366962
33 38 331.128494
33 39 283.580090
33 40 59.334139
33 41 108.543061
33 42 402.939259
33 43 371.734554
33 44 132.590728
33 45 542.541497
33 46 101.471589
33 47 231.519345
33 48 113.044130
33 49 355.279148
33 50 940.407640
33 51 276.441803
33 52 98.324562
33 53 267.745843
33 54 18.864526
33 55 23.722730
33 56 154.226379
33 57 246.095004
33 58 100.967079
33 59 23.510241
33 60 313.030968
33 61 513.977630
33 62 87.734378
33 63 1029.620864
33 64 252.268158
34 35 15.342860
34 36 49.851063
34 37 97.316852
34 38 87.006500
34 39 74.513085
34 40 15.592055
34 41 28.521698
34 42 105.875371
34 43 97.674393
34 44 34.838759
34 45 142.554570
34 46 26.663950
34 47 60.835330
34 48 29.707011
34 49 93.351169
34 50 247.090111
34 51 72.636888
34 52 25.836831
34 53 70.352167
34 54 4.958127
34 55 6.234161
34 56 40.524829
34 57 64.663223
34 58 26.529230
34 59 6.181651
34 60 82.250590
34 61 135.047503
34 62 23.055159
34 63 270.532426
34 64 66.285485
35 36 32.544821
35 37 63.523165
35 38 56.794384
35 39 48.638411
35 40 10.180482
35 41 18.618218
35 42 69.112864
35 43 63.758883
35 44 22.740298
35 45 93.051421
35 46 17.406798
35 47 39.711160
35 48 19.393168
35 49 60.934132
35 50 161.285785
35 51 47.414604
35 52 16.867614
35 53 45.922739
35 54 3.236165
35 55 4.069183
35 56 26.454905
35 57 42.211392
35 58 17.316820
35 59 4.036505
35 60 53.690134
35 61 88.152181
35 62 15.050577
35 63 176.588117
35 64 43.269714
36 37 206.423907
36 38 184.552987
36 39 158.054329
36 40 33.072876
36 41 60.500439
36 42 224.587058
36 43 207.186539
36 44 73.897952
36 45 302.386172
36 46 56.556853
36 47 129.040651
36 48 63.011973
36 49 198.012782
36 50 524.125281
36 51 154.075951
36 52 54.806045
36 53 149.228795
36 54 10.519028
36 55 13.222487
36 56 85.960182
36 57 137.163386
36 58 56.272780
36 59 13.110590
36 60 174.467965
36 61 286.460928
36 62 48.904197
36 63 573.851450
36 64 140.604432
37 38 360.286464
37 39 308.549914
37 40 64.558673
37 41 118.102420
37 42 438.419338
37 43 404.465376
37 44 144.264576
37 45 590.313588
37 46 110.407604
37 47 251.908562
37 48 122.999428
37 49 386.562903
37 50 1023.206996
37 51 300.783188
37 52 106.985573
37 53 291.321342
37 54 20.526248
37 55 25.812156
37 56 167.806360
37 57 267.765944
37 58 109.857097
37 59 25.586492
37 60 340.595438
37 61 559.230022
37 62 95.460719
37 63 1120.276560
37 64 274.483635
38 39 275.860385
38 40 57.719674
38 41 105.590726
38 42 391.971408
38 43 361.614621
38 44 128.980272
38 45 527.772255
38 46 98.710326
38 47 225.218529
38 48 109.970418
38 49 345.608351
38 50 914.800653
38 51 268.917012
38 52 95.648794
38 53 260.456707
38 54 18.350519
38 55 23.077840
38 56 150.029412
38 57 239.397252
38 58 98.218314
38 59 22.874143
38 60 304.507986
38 61 499.981471
38 62 85.347253
38 63 1001.586809
38 64 245.401465
39 40 49.431016
39 41 90.427054
39 42 335.686490
39 43 309.688773
39 44 110.459704
39 45 451.986711
39 46 84.535517
39 47 192.878480
39 48 94.179227
39 49 295.980114
39 50 783.440743
39 51 230.301249
39 52 81.914908
39 53 223.057082
39 54 15.716816
39 55 19.764182
39 56 128.484895
39 57 205.021235
39 58 84.114911
39 59 19.588668
39 60 260.783188
39 61 428.187483
39 62 73.092316
39 63 857.764961
39 64 210.162855
40 41 18.921276
40 42 70.244693
40 43 64.796989
40 44 23.111238
40 45 94.569269
40 46 17.688703
40 47 40.357507
40 48 19.708150
40 49 61.930187
40 50 163.918054
40 51 48.187334
40 52 17.141090
40 53 46.671232
40 54 3.288293
40 55 4.135909
40 56 26.884560
40 57 42.897887
40 58 17.599328
40 59 4.100509
40 60 54.565853
40 61 89.590060
40 62 15.295226
40 63 179.469911
40 64 43.975932
41 42 128.488264
41 43 118.537184
41 44 42.279503
41 45 173.002532
41 46 32.357837
41 47 73.830138
41 48 36.050118
41 49 113.290747
41 50 299.867377
41 51 88.151196
41 52 31.356299
41 53 85.378374
41 54 6.016913
41 55 7.565841
41 56 49.180303
41 57 78.475242
41 58 32.195415
41 59 7.501352
41 60 99.818795
41 61 163.892417
41 62 27.978874
41 63 328.317213
41 64 80.444487
42 43 440.040376
42 44 156.953882
42 45 642.229587
42 46 120.116837
42 47 274.060622
42 48 133.821095
42 49 420.560440
42 50 1113.195526
42 51 327.235218
42 52 116.393309
42 53 316.944026
42 54 22.327969
42 55 28.084990
42 56 182.564714
42 57 291.316089
42 58 119.519542
42 59 27.832825
42 60 370.550085
42 61 608.413252
42 62 103.857775
42 63 1218.804750
42 64 298.626806
43 44 144.797250
43 45 592.491541
43 46 110.814031
43 47 252.835359
43 48 123.454137
43 49 387.988956
43 50 1026.983881
43 51 301.893483
43 52 107.378813
43 53 292.397303
43 54 20.601670
43 55 25.908602
43 56 168.425458
43 57 268.753571
43 58 110.262875
43 59 25.676965
43 60 341.851549
43 61 561.295381
43 62 95.813360
43 63 1124.413293
43 64 275.495476
44 45 211.329681
44 46 39.525509
44 47 90.180863
44 48 44.034061
44 49 138.387871
44 50 366.304808
44 51 107.678947
44 52 38.300142
44 53 104.292026
44 54 7.348123
44 55 9.242255
44 56 60.073845
44 57 95.857288
44 58 39.329615
44 59 9.157625
44 60 121.931116
44 61 200.202602
44 62 34.174355
44 63 401.055799
44 64 98.263162
45 46 161.731559
45 47 369.010099
45 48 180.178641
45 49 566.265106
45 50 1498.872420
45 51 440.608712
45 52 156.715691
45 53 426.748596
45 54 30.067943
45 55 37.813170
45 56 245.814278
45 57 392.241493
45 58 160.927056
45 59 37.474428
45 60 498.925708
45 61 819.203561
45 62 139.836462
45 63 1641.068619
45 64 402.079078
46 47 69.018016
46 48 33.700800
46 49 105.908500
46 50 280.331282
46 51 82.408233
46 52 29.312313
46 53 79.815176
46 54 5.622807
46 55 7.072850
46 56 45.976016
46 57 73.361535
46 58 30.098267
46 59 7.010455
46 60 93.314864
46 61 153.214809
46 62 26.155041
46 63 306.926491
46 64 75.201702
47 48 76.892347
47 49 241.644023
47 50 639.611334
47 51 188.023193
47 52 66.882572
47 53 182.109576
47 54 12.829637
47 55 16.137556
47 56 104.898933
47 57 167.384857
47 58 68.672291
47 59 15.998490
47 60 212.909957
47 61 349.578972
47 62 59.676744
47 63 700.291689
47 64 171.584076
48 49 117.989401
48 50 312.301647
48 51 91.807530
48 52 32.658379
48 53 88.920517
48 54 6.263914
48 55 7.880011
48 56 51.222083
48 57 81.731056
48 58 33.531315
48 59 7.814131
48 60 103.960422
48 61 170.689151
48 62 29.141630
48 63 341.932545
48 64 83.784841
49 50 981.524860
49 51 288.529791
49 52 102.627261
49 53 279.453840
49 54 19.693375
49 55 24.761727
49 56 160.970914
49 57 256.857557
49 58 105.381714
49 59 24.541003
49 60 326.719237
49 61 536.449477
49 62 91.571934
49 63 1074.640813
49 64 263.300166
50 51 763.719228
50 52 271.637568
50 53 739.695397
50 54 52.116392
50 55 65.540158
50 56 426.076499
50 57 679.882071
50 58 278.940485
50 59 64.949570
50 60 864.804477
50 61 1419.956035
50 62 242.379053
50 63 2844.520467
50 64 696.934357
51 52 79.852621
51 53 217.442590
51 54 15.319330
51 55 19.267372
51 56 125.251224
51 57 199.860198
51 58 81.997360
51 59 19.096517
51 60 254.219996
51 61 417.409138
51 62 71.252945
51 63 836.172878
51 64 204.874922
52 53 77.341731
52 54 5.450379
52 55 6.854226
52 56 44.551975
52 57 71.088316
52 58 29.165201
52 59 6.798716
52 60 90.423066
52 61 148.463828
52 62 25.346315
52 63 297.408977
52 64 72.873013
53 54 14.838091
53 55 18.660359
53 56 121.310523
53 57 193.573539
53 58 79.417994
53 59 18.494617
53 60 246.222505
53 61 404.278958
53 62 69.011894
53 63 809.870692
53 64 198.428898
54 55 1.317139
54 56 8.546904
54 57 13.639895
54 58 5.596384
54 59 1.303519
54 60 17.347197
54 61 28.484207
54 62 4.862347
54 63 57.060593
54 64 13.980591
55 56 10.748919
55 57 17.152347
55 58 7.037740
55 59 1.641068
55 60 21.816811
55 61 35.820760
55 62 6.115039
55 63 71.759058
55 64 17.582493
56 57 111.502604
56 58 45.746039
56 59 10.655470
56 60 141.828921
56 61 232.871365
56 62 39.752138
56 63 466.498052
56 64 114.299692
57 58 72.996374
57 59 17.001459
57 60 226.313138
57 61 371.588335
57 62 63.432245
57 63 744.382555
57 64 182.384351
58 59 6.973827
58 60 92.850234
58 61 152.453849
58 62 26.023533
58 63 305.403337
58 64 74.826894
59 60 21.622655
59 61 35.499188
59 62 6.064003
59 63 71.112609
59 64 17.427923
60 61 472.656700
60 62 80.683440
60 63 946.847542
60 64 231.999520
61 62 132.472797
61 63 1554.662277
61 64 380.908738
62 63 265.375380
62 64 65.023310
63 64 763.053960
