3.000000
0.100000
-0.900000
0.070000
90
15818.954066
29634.742965
27550.036773
119784.709020
63753.637171
36176.222822
25689.882488
76659.767799
9242.528315
105050.713423
11500.063180
18261.349200
13833.474452
8637.179110
26720.144599
34624.043584
24253.307638
37862.453998
11169.676629
100173.015202
19154.876853
51283.716879
23998.304124
28592.751616
40190.420190
9491.887641
10863.410761
64395.849654
10603.199788
23667.263055
21950.873124
19329.300617
10642.321132
29815.726329
17083.549715
11263.478018
8316.300068
83718.272557
110471.300397
10317.779082
31750.370759
57828.420998
4549.485799
65097.415518
3755.589703
2264.128286
25715.839054
3907.762885
89553.997955
12926.385912
5403.594558
17313.820507
4686.529265
8639.854644
9502.053892
87889.608098
5815.762995
1193.484757
6275.732279
9200.715437
19765.450499
9687.764128
27669.471785
190714.448858
1000885.109204
173501.583674
14755.871630
88734.794093
2217.405885
4858.037932
22940.885107
66146.901342
31892.925195
12973.805310
72017.932405
17554.928674
12667.036585
32276.154570
21159.083723
13247.107643
5468.147045
14040.999587
34404.736005
7054.693652
20397.313468
44195.341237
41195.205357
57253.578397
24699.530741
44240.045474
1 2 122.344676
1 3 113.736667
1 4 494.501289
1 5 263.193733
1 6 149.348661
1 7 106.056615
1 8 316.471712
1 9 38.158140
1 10 433.674502
1 11 47.479424
1 12 75.391068
1 13 57.114104
1 14 35.662353
1 15 110.312879
1 16 142.937553
1 17 100.128322
1 18 156.311626
1 19 46.117324
1 20 413.538155
1 21 79.085572
1 22 211.712778
1 23 99.074772
1 24 118.042069
1 25 165.918057
1 26 39.188381
1 27 44.850241
1 28 265.841728
1 29 43.778871
1 30 97.705240
1 31 90.619708
1 32 79.800252
1 33 43.939105
1 34 123.089360
1 35 70.530612
1 36 46.501602
1 37 34.338738
1 38 345.611502
1 39 456.051711
1 40 42.597166
1 41 131.077507
1 42 238.732229
1 43 18.785521
1 44 268.739963
1 45 15.509870
1 46 9.347954
1 47 106.166479
1 48 16.141744
1 49 369.702592
1 50 53.367446
1 51 22.314626
1 52 71.479965
1 53 19.350569
1 54 35.674285
1 55 39.229693
1 56 362.827683
1 57 24.014046
1 58 4.927638
1 59 25.914389
1 60 37.988006
1 61 81.601095
1 62 39.996679
1 63 114.228578
1 64 787.313620
1 65 4131.880610
1 66 716.252896
1 67 60.921145
1 68 366.320280
1 69 9.161168
1 70 20.062993
1 71 94.711140
1 72 273.073443
1 73 131.664934
1 74 53.563678
1 75 297.310115
1 76 72.472392
1 77 52.294658
1 78 133.247884
1 79 87.349532
1 80 54.690086
1 81 22.581479
1 82 57.970059
1 83 142.034455
1 84 29.128163
1 85 84.209274
1 86 182.453553
1 87 170.066811
1 88 236.358035
1 89 101.969313
1 90 182.637333
2 3 213.068841
2 4 926.402378
2 5 493.065800
2 6 279.782001
2 7 198.684134
2 8 592.879690
2 9 71.483174
2 10 812.452338
2 11 88.939841
2 12 141.231798
2 13 106.986562
2 14 66.803407
2 15 206.651237
2 16 267.780296
2 17 187.573561
2 18 292.827203
2 19 86.384895
2 20 774.727258
2 21 148.141668
2 22 396.623761
2 23 185.601703
2 24 221.135131
2 25 310.829217
2 26 73.409804
2 27 84.017192
2 28 498.032536
2 29 82.006120
2 30 183.040575
2 31 169.766107
2 32 149.491366
2 33 82.306874
2 34 230.593446
2 35 132.124871
2 36 87.104925
2 37 64.314288
2 38 647.469260
2 39 854.374252
2 40 79.796824
2 41 245.555356
2 42 447.239786
2 43 35.187864
2 44 503.457521
2 45 29.042587
2 46 17.512933
2 47 198.883578
2 48 30.222678
2 49 692.603269
2 50 99.972755
2 51 41.794761
2 52 133.904524
2 53 36.243941
2 54 66.821149
2 55 73.488975
2 56 679.729810
2 57 44.980214
2 58 9.229925
2 59 48.538369
2 60 71.156097
2 61 152.866796
2 62 74.924657
2 63 213.994555
2 64 1474.965996
2 65 7740.737293
2 66 1341.842281
2 67 114.121724
2 68 686.266532
2 69 17.148229
2 70 37.560378
2 71 177.424061
2 72 511.573027
2 73 246.657910
2 74 100.341627
2 75 556.979050
2 76 135.763691
2 77 97.966050
2 78 249.620572
2 79 163.642031
2 80 102.452326
2 81 42.288176
2 82 108.593175
2 83 266.084527
2 84 54.564067
2 85 157.751689
2 86 341.803534
2 87 318.599379
2 88 442.793581
2 89 191.024387
2 90 342.149260
3 4 861.226507
3 5 458.375718
3 6 260.098281
3 7 184.705046
3 8 551.167463
3 9 66.454486
3 10 755.292042
3 11 82.686201
3 12 131.298280
3 13 99.463093
3 14 62.102336
3 15 192.113630
3 16 248.938579
3 17 174.378435
3 18 272.225205
3 19 80.308434
3 20 720.223689
3 21 137.722007
3 22 368.723338
3 23 172.544471
3 24 205.578809
3 25 288.961520
3 26 68.245671
3 27 78.107826
3 28 462.993183
3 29 76.239985
3 30 170.163335
3 31 157.822442
3 32 138.977691
3 33 76.518568
3 34 214.369443
3 35 122.829759
3 36 80.981624
3 37 59.793879
3 38 601.915915
3 39 794.264736
3 40 74.185244
3 41 228.280144
3 42 415.774918
3 43 32.710383
3 44 468.037279
3 45 27.003514
3 46 16.277421
3 47 184.892690
3 48 28.102856
3 49 643.875196
3 50 92.938225
3 51 38.853500
3 52 124.484900
3 53 33.694423
3 54 62.121531
3 55 68.319860
3 56 631.907085
3 57 41.816806
3 58 8.583853
3 59 45.122712
3 60 66.154820
3 61 142.110332
3 62 69.654926
3 63 198.940126
3 64 1371.195396
3 65 7196.141649
3 66 1247.437722
3 67 106.094434
3 68 637.984641
3 69 15.943202
3 70 34.929768
3 71 164.943261
3 72 475.583012
3 73 229.306670
3 74 93.280857
3 75 517.792936
3 76 126.219753
3 77 91.074208
3 78 232.060159
3 79 152.129143
3 80 95.244848
3 81 39.313714
3 82 100.953651
3 83 247.364512
3 84 50.720523
3 85 146.654279
3 86 317.757946
3 87 296.185800
3 88 411.641211
3 89 177.585654
3 90 318.078559
4 5 1992.985502
4 6 1130.883604
4 7 803.079406
4 8 2396.442957
4 9 288.926692
4 10 3283.970842
4 11 359.483322
4 12 570.853875
4 13 432.435467
4 14 269.997824
4 15 835.279460
4 16 1082.373328
4 17 758.169633
4 18 1183.599336
4 19 349.163330
4 20 3131.487727
4 21 598.780691
4 22 1603.165457
4 23 750.199105
4 24 893.825425
4 25 1256.379437
4 26 296.719825
4 27 339.592452
4 28 2013.066391
4 29 331.454946
4 30 739.857993
4 31 686.200580
4 32 604.243388
4 33 332.677808
4 34 932.059377
4 35 534.039042
4 36 352.083547
4 37 259.952184
4 38 2617.099162
4 39 3453.423345
4 40 322.532711
4 41 992.536737
4 42 1807.760689
4 43 142.213523
4 44 2034.993967
4 45 117.380551
4 46 70.773926
4 47 803.886024
4 48 122.138454
4 49 2799.528755
4 50 404.083053
4 51 168.909231
4 52 541.237776
4 53 146.494709
4 54 270.075755
4 55 297.035205
4 56 2747.503734
4 57 181.797425
4 58 37.302205
4 59 196.169687
4 60 287.606641
4 61 617.875011
4 62 302.841022
4 63 864.966248
4 64 5961.891979
4 65 31288.507346
4 66 5423.806188
4 67 461.270317
4 68 2773.917729
4 69 69.302953
4 70 151.825867
4 71 717.142665
4 72 2067.799147
4 73 996.994109
4 74 405.567038
4 75 2251.332694
4 76 548.762088
4 77 395.977845
4 78 1008.970899
4 79 661.450890
4 80 414.110051
4 81 170.909626
4 82 438.922537
4 83 1075.513946
4 84 220.529756
4 85 637.630832
4 86 1381.573356
4 87 1287.788365
4 88 1789.790651
4 89 772.122221
4 90 1382.974495
5 6 601.897063
5 7 427.426920
5 8 1275.469930
5 9 153.778440
5 10 1747.842192
5 11 191.331026
5 12 303.830695
5 13 230.157659
5 14 143.704148
5 15 444.567581
5 16 576.078215
5 17 403.525540
5 18 629.954902
5 19 185.837937
5 20 1666.684869
5 21 318.693775
5 22 853.260529
5 23 399.283386
5 24 475.724772
5 25 668.689492
5 26 157.925483
5 27 180.744311
5 28 1071.423952
5 29 176.413451
5 30 393.778268
5 31 365.219860
5 32 321.600204
5 33 177.064301
5 34 496.075433
5 35 284.235979
5 36 187.390605
5 37 138.358878
5 38 1392.911106
5 39 1838.030535
5 40 171.664879
5 41 528.263812
5 42 962.153383
5 43 75.692744
5 44 1083.094381
5 45 62.474321
5 46 37.668888
5 47 427.859187
5 48 65.008774
5 49 1490.005659
5 50 215.068507
5 51 89.902071
5 52 288.066458
5 53 77.972323
5 54 143.747384
5 55 158.094195
5 56 1462.315760
5 57 96.760322
5 58 19.854073
5 59 104.410991
5 60 153.076577
5 61 328.856665
5 62 161.183680
5 63 460.365891
5 64 3173.123390
5 65 16652.810147
5 66 2886.734094
5 67 245.506199
5 68 1476.375478
5 69 36.883181
5 70 80.808060
5 71 381.688703
5 72 1100.555043
5 73 530.635703
5 74 215.857576
5 75 1198.237845
5 76 292.071894
5 77 210.753239
5 78 537.010484
5 79 352.046740
5 80 220.404680
5 81 90.967100
5 82 233.609139
5 83 572.427421
5 84 117.374980
5 85 339.370342
5 86 735.321331
5 87 685.406862
5 88 952.588749
5 89 410.950939
5 90 736.068077
6 7 242.542027
6 8 723.744631
6 9 87.260557
6 10 991.781407
6 11 108.579035
6 12 172.405612
6 13 130.604853
6 14 81.545661
6 15 252.269865
6 16 326.886172
6 17 228.977559
6 18 357.461111
6 19 105.452983
6 20 945.730172
6 21 180.847746
6 22 484.169281
6 23 226.569691
6 24 269.949028
6 25 379.437409
6 26 89.613136
6 27 102.562481
6 28 607.959971
6 29 100.104298
6 30 223.442764
6 31 207.238277
6 32 182.488199
6 33 100.478742
6 34 281.489791
6 35 161.286822
6 36 106.331870
6 37 78.534854
6 38 790.383607
6 39 1042.955167
6 40 97.411094
6 41 299.758608
6 42 545.957941
6 43 42.957678
6 44 614.585233
6 45 35.455786
6 46 21.381668
6 47 242.790397
6 48 36.902050
6 49 845.478310
6 50 122.041755
6 51 51.018615
6 52 163.461099
6 53 44.248999
6 54 81.575154
6 55 89.711167
6 56 829.762249
6 57 54.907120
6 58 11.270114
6 59 59.248943
6 60 86.876582
6 61 186.609789
6 62 91.464364
6 63 261.227358
6 64 1800.527720
6 65 9449.317496
6 66 1638.021253
6 67 139.312997
6 68 837.747343
6 69 20.953017
6 70 45.897736
6 71 216.584298
6 72 624.494145
6 73 301.100440
6 74 122.486750
6 75 679.922774
6 76 165.742006
6 77 119.591239
6 78 304.723659
6 79 199.762084
6 80 125.066683
6 81 51.648927
6 82 132.566383
6 83 324.815206
6 84 66.607067
6 85 192.571555
6 86 417.251792
6 87 388.925688
6 88 540.529994
6 89 233.189124
6 90 417.671143
7 8 513.954896
7 9 61.962544
7 10 704.298002
7 11 77.105142
7 12 122.429533
7 13 92.743923
7 14 57.909598
7 15 179.138917
7 16 232.132088
7 17 162.603161
7 18 253.844351
7 19 74.887512
7 20 671.593933
7 21 128.421085
7 22 343.822491
7 23 160.895021
7 24 191.696839
7 25 269.451182
7 26 63.636414
7 27 72.832251
7 28 431.734241
7 29 71.089191
7 30 158.672364
7 31 147.166749
7 32 129.591037
7 33 71.351421
7 34 199.895702
7 35 114.534301
7 36 75.513964
7 37 55.759526
7 38 561.277895
7 39 740.638904
7 40 69.174622
7 41 212.866314
7 42 387.703540
7 43 30.504043
7 44 436.436778
7 45 25.177542
7 46 15.179938
7 47 172.409100
7 48 26.202012
7 49 600.401827
7 50 86.666036
7 51 36.231123
7 52 116.078990
7 53 31.422549
7 54 57.926361
7 55 63.706182
7 56 589.243153
7 57 38.991162
7 58 7.998218
7 59 42.077795
7 60 61.685111
7 61 132.516019
7 62 64.950758
7 63 185.503274
7 64 1278.617377
7 65 6710.288048
7 66 1163.216234
7 67 98.929777
7 68 594.910899
7 69 14.867295
7 70 32.576620
7 71 153.804139
7 72 443.472161
7 73 213.821497
7 74 86.984537
7 75 482.834473
7 76 117.695072
7 77 84.927412
7 78 216.390682
7 79 141.857619
7 80 88.814041
7 81 36.666279
7 82 94.138572
7 83 230.662048
7 84 47.300449
7 85 136.751304
7 86 296.300695
7 87 276.186219
7 88 383.847287
7 89 165.594922
7 90 296.601079
8 9 184.908117
8 10 2101.673625
8 11 230.063386
8 12 365.335240
8 13 276.749453
8 14 172.793984
8 15 534.564580
8 16 692.698734
8 17 485.213383
8 18 757.479965
8 19 223.456911
8 20 2004.087126
8 21 383.203101
8 22 1025.995970
8 23 480.113271
8 24 572.029824
8 25 804.057014
8 26 189.893487
8 27 217.332624
8 28 1288.322300
8 29 212.124422
8 30 473.493115
8 31 439.154315
8 32 386.703311
8 33 212.908090
8 34 596.499585
8 35 341.774264
8 36 225.326981
8 37 166.367666
8 38 1674.890415
8 39 2210.120456
8 40 206.414751
8 41 635.201764
8 42 1156.930237
8 43 91.014793
8 44 1302.354854
8 45 75.116145
8 46 45.295149
8 47 514.471851
8 48 78.164473
8 49 1791.640933
8 50 258.605731
8 51 108.099732
8 52 346.380807
8 53 93.753364
8 54 172.845664
8 55 190.098226
8 56 1758.346952
8 57 116.346250
8 58 23.869900
8 59 125.545389
8 60 184.064719
8 61 395.428886
8 62 193.812302
8 63 553.560943
8 64 3815.487963
8 65 20023.997233
8 66 3471.123585
8 67 295.204418
8 68 1775.250726
8 69 44.350503
8 70 97.168125
8 71 458.953981
8 72 1323.349450
8 73 638.055667
8 74 259.554740
8 75 1440.808462
8 76 351.198073
8 77 253.417673
8 78 645.721157
8 79 423.314878
8 80 265.022508
8 81 109.381306
8 82 280.900902
8 83 688.308630
8 84 141.134944
8 85 408.070495
8 86 884.177875
8 87 824.158837
8 88 1145.429611
8 89 494.142694
8 90 885.076109
9 10 253.387745
9 11 27.736727
9 12 44.051504
9 13 33.372376
9 14 20.837240
9 15 64.453655
9 16 83.513062
9 17 58.503533
9 18 91.329494
9 19 26.944778
9 20 241.623358
9 21 46.201615
9 22 123.701160
9 23 57.886726
9 24 68.971215
9 25 96.942082
9 26 22.896876
9 27 26.205354
9 28 155.324305
9 29 25.578072
9 30 57.087502
9 31 52.947793
9 32 46.625291
9 33 25.670711
9 34 71.917911
9 35 41.208684
9 36 27.167933
9 37 20.053996
9 38 201.933757
9 39 266.461395
9 40 24.887278
9 41 76.584742
9 42 139.486087
9 43 10.975965
9 44 157.018520
9 45 9.057203
9 46 5.462332
9 47 62.030253
9 48 9.429665
9 49 216.010072
9 50 31.180164
9 51 13.035907
9 52 41.763706
9 53 11.304447
9 54 20.840784
9 55 22.918279
9 56 211.993774
9 57 14.029151
9 58 2.881477
9 59 15.137954
9 60 22.190525
9 61 47.677073
9 62 23.368822
9 63 66.741980
9 64 460.012729
9 65 2414.177982
9 66 418.492824
9 67 35.596997
9 68 214.032992
9 69 5.347635
9 70 11.705547
9 71 55.338848
9 72 159.552318
9 73 76.927680
9 74 31.295220
9 75 173.711190
9 76 42.346119
9 77 30.555289
9 78 77.853709
9 79 51.036758
9 80 31.953642
9 81 13.192259
9 82 33.866200
9 83 82.987139
9 84 17.015516
9 85 49.201517
9 86 106.603941
9 87 99.367154
9 88 138.097951
9 89 59.578974
9 90 106.711092
10 11 315.265927
10 12 500.636576
10 13 379.242631
10 14 236.786826
10 15 732.537944
10 16 949.239857
10 17 664.911467
10 18 1038.012249
10 19 306.213063
10 20 2746.304606
10 21 525.125610
10 22 1405.972534
10 23 657.922003
10 24 783.881046
10 25 1101.840690
10 26 260.222168
10 27 297.821806
10 28 1765.453643
10 29 290.683582
10 30 648.852725
10 31 601.795457
10 32 529.919461
10 33 291.756427
10 34 817.413133
10 35 468.349960
10 36 308.774488
10 37 227.975119
10 38 2295.188154
10 39 3028.641715
10 40 282.859888
10 41 870.450784
10 42 1585.400303
10 43 124.719249
10 44 1784.683178
10 45 102.937829
10 46 62.068213
10 47 705.004933
10 48 107.112351
10 49 2455.177486
10 50 354.380017
10 51 148.134174
10 52 474.662881
10 53 128.474985
10 54 236.855007
10 55 260.498693
10 56 2409.553068
10 57 159.434514
10 58 32.711801
10 59 172.038925
10 60 252.229167
10 61 541.874264
10 62 265.589965
10 63 758.573146
10 64 5228.561448
10 65 27439.925497
10 66 4756.661572
10 67 404.532217
10 68 2432.717439
10 69 60.773022
10 70 133.146575
10 71 628.929397
10 72 1813.453380
10 73 874.360383
10 74 355.680089
10 75 1974.411725
10 76 481.262618
10 77 347.271429
10 78 884.863279
10 79 580.090413
10 80 363.172703
10 81 149.885625
10 82 384.933222
10 83 943.221904
10 84 193.403539
10 85 559.199516
10 86 1211.632289
10 87 1129.386266
10 88 1569.641246
10 89 677.148533
10 90 1212.863915
11 12 54.809797
11 13 41.523384
11 14 25.928165
11 15 80.197557
11 16 103.910367
11 17 72.790572
11 18 113.632713
11 19 33.529712
11 20 300.627882
11 21 57.498772
11 22 153.911541
11 23 72.027033
11 24 85.815338
11 25 120.618269
11 26 28.488561
11 27 32.604307
11 28 193.257749
11 29 31.826459
11 30 71.029612
11 31 65.877830
11 32 58.015582
11 33 31.945789
11 34 89.481137
11 35 51.271740
11 36 33.811258
11 37 24.978960
11 38 251.246100
11 39 331.530713
11 40 30.969325
11 41 95.291874
11 42 173.550017
11 43 13.659274
11 44 195.364606
11 45 11.282547
11 46 6.798589
11 47 77.181459
11 48 11.742384
11 49 268.758778
11 50 38.798179
11 51 16.225348
11 52 51.964117
11 53 14.074393
11 54 25.938109
11 55 28.524668
11 56 263.761099
11 57 17.461195
11 58 3.585025
11 59 18.841629
11 60 27.627207
11 61 59.325929
11 62 29.076700
11 63 83.038893
11 64 572.340814
11 65 3003.697041
11 66 520.684291
11 67 44.289243
11 68 266.300940
11 69 6.667448
11 70 14.605234
11 71 68.853927
11 72 198.511213
11 73 95.718738
11 74 38.941530
11 75 216.135668
11 76 52.692181
11 77 38.017477
11 78 96.866894
11 79 63.499188
11 80 39.759084
11 81 16.436668
11 82 42.148309
11 83 103.254780
11 84 21.176956
11 85 61.216685
11 86 132.640332
11 87 123.632331
11 88 171.822678
11 89 74.127814
11 90 132.770893
12 13 65.931561
12 14 41.166851
12 15 127.343420
12 16 165.004568
12 17 115.586189
12 18 180.444867
12 19 53.234440
12 20 477.392368
12 21 91.289000
12 22 244.401382
12 23 114.370293
12 24 136.266235
12 25 191.536303
12 26 45.237525
12 27 51.774040
12 28 306.888629
12 29 50.531575
12 30 112.790150
12 31 104.611140
12 32 92.119035
12 33 50.720732
12 34 142.093531
12 35 81.418183
12 36 53.682103
12 37 39.639182
12 38 398.974824
12 39 526.469326
12 40 49.174739
12 41 151.314702
12 42 275.592603
12 43 21.681884
12 44 310.233800
12 45 17.902526
12 46 10.789764
12 47 122.556989
12 48 18.626138
12 49 426.786745
12 50 61.605346
12 51 25.756305
12 52 82.514517
12 53 22.335469
12 54 41.180048
12 55 45.285362
12 56 418.851730
12 57 27.717433
12 58 5.690549
12 59 29.912548
12 60 43.850338
12 61 94.199169
12 62 46.170889
12 63 131.864602
12 64 908.880762
12 65 4769.872958
12 66 826.848428
12 67 70.327186
12 68 422.881572
12 69 10.576321
12 70 23.155928
12 71 109.332692
12 72 315.237573
12 73 151.993252
12 74 61.831504
12 75 343.213146
12 76 83.662888
12 77 60.367210
12 78 153.819723
12 79 100.837061
12 80 63.132899
12 81 26.065118
12 82 66.916712
12 83 163.961953
12 84 33.623340
12 85 97.209677
12 86 210.625007
12 87 196.326136
12 88 272.851534
12 89 117.712548
12 90 210.835728
13 14 31.187233
13 15 96.467443
13 16 124.993313
13 17 87.563835
13 18 136.693467
13 19 40.328141
13 20 361.635932
13 21 69.163365
13 22 185.140705
13 23 86.639016
13 24 103.226434
13 25 145.093625
13 26 34.269267
13 27 39.219663
13 28 232.473222
13 29 38.281777
13 30 85.441732
13 31 79.245340
13 32 69.788779
13 33 38.424353
13 34 107.638178
13 35 61.679626
13 36 40.667364
13 37 30.034845
13 38 302.232443
13 39 398.808523
13 40 37.253766
13 41 114.625832
13 42 208.767104
13 43 16.425824
13 44 235.009424
13 45 13.568979
13 46 8.175531
13 47 92.842906
13 48 14.119183
13 49 323.299451
13 50 46.670549
13 51 19.514341
13 52 62.508293
13 53 16.923275
13 54 31.199185
13 55 34.306103
13 56 317.286016
13 57 21.000781
13 58 4.311852
13 59 22.664153
13 60 33.222595
13 61 71.361196
13 62 34.978988
13 63 99.891077
13 64 688.491327
13 65 3613.258748
13 66 626.351048
13 67 53.276643
13 68 320.342158
13 69 8.006465
13 70 17.543894
13 71 82.827833
13 72 238.800274
13 73 115.140963
13 74 46.840885
13 75 259.992199
13 76 63.378936
13 77 45.732806
13 78 116.528237
13 79 76.385945
13 80 47.828012
13 81 19.755828
13 82 50.701352
13 83 124.206871
13 84 25.469940
13 85 73.641613
13 86 159.554477
13 87 148.722178
13 88 206.691407
13 89 89.172447
13 90 159.714056
14 15 60.232463
14 16 78.043600
14 17 54.672213
14 18 85.348293
14 19 25.182668
14 20 225.792078
14 21 43.181550
14 22 115.595881
14 23 54.096021
14 24 64.453023
14 25 90.592374
14 26 21.398112
14 27 24.489331
14 28 145.150131
14 29 23.903796
14 30 53.347909
14 31 49.478487
14 32 43.572017
14 33 23.992884
14 34 67.208006
14 35 38.512242
14 36 25.390394
14 37 18.748117
14 38 188.704260
14 39 249.003824
14 40 23.259811
14 41 71.570177
14 42 130.348226
14 43 10.257895
14 44 146.733012
14 45 8.470592
14 46 5.104412
14 47 57.968456
14 48 8.818172
14 49 201.859431
14 50 29.139844
14 51 12.188316
14 52 39.030200
14 53 10.568200
14 54 19.480505
14 55 21.421319
14 56 198.103405
14 57 13.112781
14 58 2.691897
14 59 14.151480
14 60 20.743050
14 61 44.557411
14 62 21.839055
14 63 62.369378
14 64 429.871639
14 65 2255.998048
14 66 391.072407
14 67 33.266449
14 68 200.011444
14 69 5.001428
14 70 10.956209
14 71 51.714694
14 72 149.099954
14 73 71.890813
14 74 29.248651
14 75 162.331883
14 76 39.571210
14 77 28.553672
14 78 72.754485
14 79 47.692626
14 80 29.862067
14 81 12.332085
14 82 31.654345
14 83 77.551464
14 84 15.906649
14 85 45.979961
14 86 99.620924
14 87 92.857460
14 88 129.051465
14 89 55.676582
14 90 99.721157
15 16 241.439008
15 17 169.127409
15 18 264.026339
15 19 77.891125
15 20 698.523877
15 21 133.578355
15 22 357.615173
15 23 167.347227
15 24 199.388557
15 25 280.256927
15 26 66.191043
15 27 75.754998
15 28 449.042595
15 29 73.941417
15 30 165.036900
15 31 153.068202
15 32 134.791207
15 33 74.215024
15 34 207.911537
15 35 119.129687
15 36 78.543809
15 37 58.001881
15 38 583.784631
15 39 770.334233
15 40 71.951079
15 41 221.404741
15 42 403.248599
15 43 31.726735
15 44 453.938456
15 45 26.190840
15 46 15.790176
15 47 179.328488
15 48 27.255299
15 49 624.477504
15 50 90.143283
15 51 37.681359
15 52 120.735980
15 53 32.683025
15 54 60.256529
15 55 66.261426
15 56 612.868245
15 57 40.556548
15 58 8.322837
15 59 43.768379
15 60 64.160685
15 61 137.832816
15 62 67.557696
15 63 192.946158
15 64 1329.883597
15 65 6979.336037
15 66 1209.854054
15 67 102.899401
15 68 618.766538
15 69 15.470263
15 70 33.885836
15 71 159.974374
15 72 461.255470
15 73 222.398716
15 74 90.471702
15 75 502.196586
15 76 122.416173
15 77 88.330766
15 78 225.072787
15 79 147.545891
15 80 92.377502
15 81 38.140130
15 82 97.916090
15 83 239.912402
15 84 49.197372
15 85 142.237769
15 86 308.185443
15 87 287.264431
15 88 399.240619
15 89 172.237235
15 90 308.497112
16 17 219.149319
16 18 342.125033
16 19 100.925392
16 20 905.164075
16 21 173.074792
16 22 463.399579
16 23 216.850157
16 24 258.361558
16 25 363.158969
16 26 85.768658
16 27 98.157986
16 28 581.885052
16 29 95.806952
16 30 213.858698
16 31 198.348117
16 32 174.656015
16 33 96.161124
16 34 269.416687
16 35 154.364658
16 36 101.763959
16 37 75.137337
16 38 756.478906
16 39 998.221783
16 40 93.226260
16 41 286.894910
16 42 522.537669
16 43 41.110469
16 44 588.219254
16 45 33.923982
16 46 20.455660
16 47 232.362579
16 48 35.302708
16 49 809.210721
16 50 116.801483
16 51 48.824844
16 52 156.444981
16 53 42.344199
16 54 78.065069
16 55 85.861458
16 56 794.174568
16 57 52.547982
16 58 10.780602
16 59 56.706699
16 60 83.138085
16 61 178.598780
16 62 87.537202
16 63 250.021305
16 64 1723.299825
16 65 9044.014177
16 66 1567.763255
16 67 133.330612
16 68 801.806186
16 69 20.029150
16 70 43.886040
16 71 207.289847
16 72 597.702093
16 73 288.183530
16 74 117.231137
16 75 650.756758
16 76 158.620576
16 77 114.459563
16 78 291.644415
16 79 191.193940
16 80 119.700240
16 81 49.403502
16 82 126.867491
16 83 310.881445
16 84 63.744716
16 85 184.307483
16 86 399.343639
16 87 372.238918
16 88 517.344102
16 89 223.182220
16 90 399.750036
17 18 239.650216
17 19 70.700282
17 20 634.038637
17 21 121.245124
17 22 324.597063
17 23 151.897896
17 24 180.976878
17 25 254.383839
17 26 60.080746
17 27 68.761215
17 28 407.588170
17 29 67.114453
17 30 149.800458
17 31 138.937186
17 32 122.347000
17 33 67.362809
17 34 188.717718
17 35 108.134674
17 36 71.290580
17 37 52.642864
17 38 529.890652
17 39 699.218905
17 40 65.309813
17 41 200.963607
17 42 366.022392
17 43 28.798082
17 44 412.031431
17 45 23.773236
17 46 14.330440
17 47 162.770902
17 48 24.739568
17 49 566.827571
17 50 81.819698
17 51 34.204941
17 52 109.589714
17 53 29.666112
17 54 54.691568
17 55 60.142939
17 56 556.289348
17 57 36.814108
17 58 7.553287
17 59 39.726952
17 60 58.238237
17 61 125.107433
17 62 61.321869
17 63 175.133048
17 64 1207.112326
17 65 6335.021088
17 66 1098.163904
17 67 93.399634
17 68 561.643176
17 69 14.040042
17 70 30.752322
17 71 145.206050
17 72 418.673328
17 73 201.866892
17 74 82.119114
17 75 455.832491
17 76 111.111739
17 77 80.176379
17 78 204.295445
17 79 133.924825
17 80 83.849324
17 81 34.614492
17 82 88.877198
17 83 217.763495
17 84 44.656325
17 85 129.108227
17 86 279.734022
17 87 260.743340
17 88 362.383482
17 89 156.338491
17 90 280.017188
18 19 110.368421
18 20 989.815603
18 21 189.275332
18 22 506.739456
18 23 237.131376
18 24 282.526156
18 25 397.125283
18 26 93.790976
18 27 107.343211
18 28 636.299872
18 29 104.772696
18 30 233.857629
18 31 216.898729
18 32 190.996977
18 33 105.159094
18 34 294.612880
18 35 168.805760
18 36 111.294810
18 37 82.176162
18 38 827.227427
18 39 1091.572819
18 40 101.950233
18 41 313.731063
18 42 571.406064
18 43 44.955985
18 44 643.231927
18 45 37.110298
18 46 22.372598
18 47 254.101425
18 48 38.615613
18 49 884.890529
18 50 127.727951
18 51 53.397299
18 52 171.080264
18 53 46.305642
18 54 85.373400
18 55 93.892408
18 56 868.441610
18 57 57.467108
18 58 11.797105
18 59 62.018221
18 60 90.912270
18 61 195.307686
18 62 95.725972
18 63 273.402886
18 64 1884.461549
18 65 9889.795825
18 66 1714.377230
18 67 145.807270
18 68 876.794164
18 69 21.917208
18 70 47.992572
18 71 226.683865
18 72 653.603106
18 73 315.137807
18 74 128.197415
18 75 711.615572
18 76 173.460195
18 77 125.165315
18 78 318.925787
18 79 209.073923
18 80 130.897174
18 81 54.034367
18 82 138.741615
18 83 339.956392
18 84 69.711487
18 85 201.549966
18 86 436.698786
18 87 407.053648
18 88 565.726421
18 89 244.058715
18 90 437.139553
19 20 291.996242
19 21 55.842137
19 22 149.484044
19 23 69.955791
19 24 83.349880
19 25 117.153549
19 26 27.673289
19 27 31.669344
19 28 187.709295
19 29 30.909971
19 30 68.988686
19 31 63.985208
19 32 56.348312
19 33 31.025065
19 34 86.912758
19 35 49.802533
19 36 32.834544
19 37 24.249272
19 38 244.032403
19 39 322.013484
19 40 30.078535
19 41 92.552261
19 42 168.565099
19 43 13.262624
19 44 189.754735
19 45 10.951887
19 46 6.596260
19 47 74.962667
19 48 11.401167
19 49 261.043408
19 50 37.685203
19 51 15.758254
19 52 50.471994
19 53 13.666490
19 54 25.193568
19 55 27.700348
19 56 256.189356
19 57 16.956003
19 58 3.475734
19 59 18.302613
19 60 26.823641
19 61 57.619558
19 62 28.241610
19 63 80.656728
19 64 555.914320
19 65 2917.480700
19 66 505.739004
19 67 43.018140
19 68 258.655485
19 69 6.462921
19 70 14.176892
19 71 66.876511
19 72 192.815224
19 73 92.968778
19 74 37.822932
19 75 209.926982
19 76 51.176129
19 77 36.926025
19 78 94.085244
19 79 61.676849
19 80 38.616660
19 81 15.948585
19 82 40.936694
19 83 100.288513
19 84 20.566758
19 85 59.459821
19 86 128.830324
19 87 120.081833
19 88 166.891852
19 89 72.000184
19 90 128.958902
20 21 500.744673
20 22 1340.689587
20 23 627.373443
20 24 747.481088
20 25 1050.680279
20 26 248.139568
20 27 283.992816
20 28 1683.479357
20 29 277.186900
20 30 618.724884
20 31 573.852628
20 32 505.313634
20 33 278.209810
20 34 779.458711
20 35 446.602544
20 36 294.434003
20 37 217.394013
20 38 2188.615926
20 39 2888.013710
20 40 269.725878
20 41 830.033352
20 42 1511.785164
20 43 118.928788
20 44 1701.814893
20 45 98.160230
20 46 59.185072
20 47 672.269266
20 48 102.141901
20 49 2341.177483
20 50 337.925540
20 51 141.254586
20 52 452.623710
20 53 122.508355
20 54 225.856770
20 55 248.403529
20 56 2297.670704
20 57 152.031758
20 58 31.195345
20 59 164.051386
20 60 240.520427
20 61 516.714084
20 62 253.258489
20 63 723.350256
20 64 4985.785407
20 65 26165.815781
20 66 4535.796861
20 67 385.748804
20 68 2319.759837
20 69 57.952748
20 70 126.966558
20 71 599.726643
20 72 1729.249373
20 73 833.762715
20 74 339.164220
20 75 1882.734054
20 76 458.915573
20 77 331.145000
20 78 843.778164
20 79 553.155270
20 80 346.309819
20 81 142.929006
20 82 367.060515
20 83 899.426625
20 84 184.421734
20 85 533.235363
20 86 1155.376387
20 87 1076.946424
20 88 1496.758507
20 89 645.706543
20 90 1156.547189
21 22 256.358376
21 23 119.964514
21 24 142.944290
21 25 200.905794
21 26 47.458240
21 27 54.309087
21 28 321.894048
21 29 53.011775
21 30 118.307771
21 31 109.728719
21 32 96.628044
21 33 53.209095
21 34 149.042631
21 35 85.403585
21 36 56.319828
21 37 41.583674
21 38 418.489290
21 39 552.214707
21 40 51.586263
21 41 158.716996
21 42 289.071761
21 43 22.747315
21 44 325.409248
21 45 18.806453
21 46 11.325063
21 47 128.555107
21 48 19.570999
21 49 447.660490
21 50 64.626582
21 51 27.019990
21 52 86.554826
21 53 23.434245
21 54 43.203204
21 55 47.500646
21 56 439.329979
21 57 29.083682
21 58 5.982988
21 59 31.383432
21 60 46.001433
21 61 98.810729
21 62 48.431196
21 63 138.315685
21 64 953.330944
21 65 5003.154365
21 66 867.286256
21 67 73.770550
21 68 443.567091
21 69 11.098955
21 70 24.309686
21 71 114.694983
21 72 330.655237
21 73 159.430303
21 74 64.858440
21 75 360.000296
21 76 87.767139
21 77 63.324960
21 78 161.349324
21 79 105.768218
21 80 66.223154
21 81 27.349411
21 82 70.199688
21 83 171.984871
21 84 35.271852
21 85 101.968024
21 86 220.931927
21 87 205.929826
21 88 286.197800
21 89 123.471302
21 90 221.147162
22 23 321.184093
22 24 382.674135
22 25 537.896411
22 26 127.036386
22 27 145.391215
22 28 861.858331
22 29 141.908281
22 30 316.757249
22 31 293.784571
22 32 258.697227
22 33 142.431961
22 34 399.045048
22 35 228.636580
22 36 150.741888
22 37 111.294417
22 38 1120.463192
22 39 1478.519837
22 40 138.085424
22 41 424.937989
22 42 773.959155
22 43 60.886615
22 44 871.245221
22 45 50.252494
22 46 30.304007
22 47 344.169503
22 48 52.292402
22 49 1198.566081
22 50 173.003023
22 51 72.315768
22 52 231.719604
22 53 62.715965
22 54 115.628014
22 55 127.173155
22 56 1176.294641
22 57 77.836503
22 58 15.972711
22 59 83.988561
22 60 123.135851
22 61 264.533842
22 62 129.655705
22 63 370.321546
22 64 2552.473215
22 65 13395.584252
22 66 2322.099685
22 67 197.486787
22 68 1187.600395
22 69 29.673538
22 70 65.001733
22 71 307.031963
22 72 885.289608
22 73 426.846818
22 74 173.637487
22 75 963.870215
22 76 234.946691
22 77 169.532045
22 78 431.973220
22 79 283.187828
22 80 177.294723
22 81 73.174108
22 82 187.911937
22 83 460.462569
22 84 94.413166
22 85 272.989929
22 86 591.495903
22 87 551.344170
22 88 766.266401
22 89 330.569870
22 90 592.095801
23 24 179.076560
23 25 251.709018
23 26 59.447675
23 27 68.037100
23 28 403.305248
23 29 66.407572
23 30 148.225298
23 31 137.476793
23 32 121.060037
23 33 66.654028
23 34 186.734368
23 35 106.995245
23 36 70.539997
23 37 52.089439
23 38 524.319876
23 39 691.870652
23 40 64.620643
23 41 198.851511
23 42 362.174852
23 43 28.494835
23 44 407.699735
23 45 23.519546
23 46 14.180169
23 47 161.057432
23 48 24.476536
23 49 560.868323
23 50 80.957459
23 51 33.845437
23 52 108.436010
23 53 29.351340
23 54 54.112473
23 55 59.512250
23 56 550.443948
23 57 36.424130
23 58 7.472283
23 59 39.310931
23 60 57.626522
23 61 123.791050
23 62 60.675359
23 63 173.291651
23 64 1194.424073
23 65 6268.432427
23 66 1086.620832
23 67 92.415825
23 68 555.737764
23 69 13.889036
23 70 30.430946
23 71 143.676339
23 72 414.271035
23 73 199.744593
23 74 81.256002
23 75 451.042541
23 76 109.945014
23 77 79.333013
23 78 202.143850
23 79 132.516990
23 80 82.966746
23 81 34.247289
23 82 87.938929
23 83 215.475188
23 84 44.185312
23 85 127.747895
23 86 276.792837
23 87 258.001835
23 88 358.574125
23 89 154.691733
23 90 277.072624
24 25 299.897983
24 26 70.829288
24 27 81.064652
24 28 480.515770
24 29 79.120329
24 30 176.602497
24 31 163.797361
24 32 144.235539
24 33 79.415479
24 34 222.483243
24 35 127.477195
24 36 84.055443
24 37 62.057477
24 38 624.699430
24 39 824.326123
24 40 76.992918
24 41 236.922487
24 42 431.511813
24 43 33.950206
24 44 485.752020
24 45 28.038043
24 46 16.894756
24 47 191.890930
24 48 29.164047
24 49 668.242614
24 50 96.459253
24 51 40.324475
24 52 129.196627
24 53 34.968495
24 54 64.477718
24 55 70.905419
24 56 655.824021
24 57 43.397839
24 58 8.907612
24 59 46.829187
24 60 68.657888
24 61 147.491184
24 62 72.290080
24 63 206.468575
24 64 1423.091844
24 65 7468.504986
24 66 1294.650927
24 67 110.110988
24 68 662.131579
24 69 16.542416
24 70 36.261208
24 71 171.190744
24 72 493.584014
24 73 237.982899
24 74 96.812557
24 75 537.393557
24 76 130.996719
24 77 94.522138
24 78 240.843494
24 79 157.886973
24 80 98.848919
24 81 40.804174
24 82 104.774172
24 83 256.726775
24 84 52.643494
24 85 152.203488
24 86 329.780372
24 87 307.395801
24 88 427.221798
24 89 184.306152
24 90 330.116118
25 26 99.556983
25 27 113.942031
25 28 675.427020
25 29 111.212251
25 30 248.238260
25 31 230.235049
25 32 202.738621
25 33 111.622165
25 34 312.727289
25 35 179.183729
25 36 118.133540
25 37 87.223618
25 38 878.091633
25 39 1158.695693
25 40 108.219120
25 41 333.018601
25 42 606.542282
25 43 47.718191
25 44 682.783784
25 45 39.386321
25 46 23.747231
25 47 269.723310
25 48 40.983915
25 49 939.301794
25 50 135.581807
25 51 56.675125
25 52 181.598571
25 53 49.154797
25 54 90.620754
25 55 99.663959
25 56 921.844387
25 57 60.997870
25 58 12.516225
25 59 65.822963
25 60 96.500755
25 61 207.311678
25 62 101.610656
25 63 290.215201
25 64 2000.338891
25 65 10497.940919
25 66 1819.798761
25 67 154.769268
25 68 930.707847
25 69 23.255453
25 70 50.944353
25 71 240.617345
25 72 693.790046
25 73 334.514129
25 74 136.077292
25 75 755.370599
25 76 184.124794
25 77 132.859784
25 78 338.532811
25 79 221.930439
25 80 138.943898
25 81 57.348221
25 82 147.271302
25 83 360.858967
25 84 73.994361
25 85 213.940582
25 86 463.549239
25 87 432.081114
25 88 600.512929
25 89 259.065388
25 90 464.018500
26 27 26.911821
26 28 159.513793
26 29 26.266736
26 30 58.625630
26 31 54.374379
26 32 47.883159
26 33 26.363080
26 34 73.858433
26 35 42.319939
26 36 27.897497
26 37 20.603671
26 38 207.379555
26 39 273.647478
26 40 25.559958
26 41 78.649211
26 42 143.246746
26 43 11.271143
26 44 161.253568
26 45 9.308131
26 46 5.610006
26 47 63.702590
26 48 9.683497
26 49 221.834959
26 50 32.022866
26 51 13.387949
26 52 42.891092
26 53 11.608362
26 54 21.403380
26 55 23.538391
26 56 217.710906
26 57 14.410981
26 58 2.955200
26 59 15.554838
26 60 22.795577
26 61 48.964346
26 62 23.998106
26 63 68.541414
26 64 472.416949
26 65 2479.283641
26 66 429.778885
26 67 36.555483
26 68 219.805963
26 69 5.496818
26 70 12.043149
26 71 56.830880
26 72 163.852121
26 73 79.004704
26 74 32.140076
26 75 178.396059
26 76 43.488340
26 77 31.379636
26 78 79.952327
26 79 52.413043
26 80 32.814945
26 81 13.551343
26 82 34.783832
26 83 85.224432
26 84 17.481794
26 85 50.528326
26 86 109.478699
26 87 102.045547
26 88 141.824170
26 89 61.185777
26 90 109.587972
27 28 182.563530
27 29 30.063562
27 30 67.097320
27 31 62.231914
27 32 54.801809
27 33 30.173910
27 34 84.529836
27 35 48.435534
27 36 31.936804
27 37 23.578951
27 38 237.344548
27 39 313.188537
27 40 29.253659
27 41 90.014265
27 42 163.946386
27 43 12.900054
27 44 184.553725
27 45 10.650490
27 46 6.421227
27 47 72.907524
27 48 11.081934
27 49 253.888238
27 50 36.649358
27 51 15.323615
27 52 49.087484
27 53 13.288897
27 54 24.498872
27 55 26.939963
27 56 249.168342
27 57 16.490403
27 58 3.385333
27 59 17.795167
27 60 26.083705
27 61 56.037849
27 62 27.466385
27 63 78.444096
27 64 540.679842
27 65 2837.525225
27 66 491.879454
27 67 41.836846
27 68 251.566490
27 69 6.287849
27 70 13.776328
27 71 65.041236
27 72 187.529338
27 73 90.419116
27 74 36.783427
27 75 204.172986
27 76 49.768224
27 77 35.913377
27 78 91.505355
27 79 59.986430
27 80 37.557296
27 81 15.505171
27 82 39.809771
27 83 97.538790
27 84 20.002237
27 85 57.829537
27 86 125.297204
27 87 116.790890
27 88 162.316176
27 89 70.026083
27 90 125.423697
28 29 178.190028
28 30 397.746377
28 31 368.899588
28 32 324.838406
28 33 178.845945
28 34 501.074268
28 35 287.096905
28 36 189.274729
28 37 139.747104
28 38 1406.945552
28 39 1856.555015
28 40 173.391178
28 41 533.584466
28 42 971.847992
28 43 76.453971
28 44 1094.007103
28 45 63.097846
28 46 38.047296
28 47 432.165305
28 48 65.656505
28 49 1505.020089
28 50 217.233097
28 51 90.805429
28 52 290.967029
28 53 78.755822
28 54 145.190707
28 55 159.689995
28 56 1477.054248
28 57 97.730846
28 58 20.052106
28 59 105.456768
28 60 154.618919
28 61 332.167969
28 62 162.805922
28 63 465.004098
28 64 3205.099929
28 65 16820.620433
28 66 2915.824285
28 67 247.976237
28 68 1491.250797
28 69 37.253893
28 70 81.613884
28 71 385.529328
28 72 1111.642442
28 73 535.982179
28 74 218.031451
28 75 1210.313874
28 76 295.014018
28 77 212.875869
28 78 542.418029
28 79 355.594339
28 80 222.624372
28 81 91.880012
28 82 235.962639
28 83 578.194124
28 84 118.554962
28 85 342.787729
28 86 742.728690
28 87 692.311300
28 88 962.187584
28 89 415.089806
28 90 743.483099
29 30 65.490754
29 31 60.740217
29 32 53.490932
29 33 29.453480
29 34 82.504729
29 35 47.275447
29 36 31.173691
29 37 23.021135
29 38 231.656755
29 39 305.682474
29 40 28.555148
29 41 87.859061
29 42 160.016468
29 43 12.593752
29 44 180.130988
29 45 10.397987
29 46 6.265982
29 47 71.161169
29 48 10.825555
29 49 247.804450
29 50 35.771995
29 51 14.958282
29 52 47.913419
29 53 12.975389
29 54 23.909840
29 55 26.295742
29 56 243.195424
29 57 16.098097
29 58 3.306502
29 59 17.369721
29 60 25.464827
29 61 54.695525
29 62 26.808984
29 63 76.565750
29 64 527.720189
29 65 2769.511087
29 66 480.088929
29 67 40.834556
29 68 245.537241
29 69 6.141304
29 70 13.453074
29 71 63.487525
29 72 183.034577
29 73 88.254789
29 74 35.903194
29 75 199.281123
29 76 48.580976
29 77 35.053607
29 78 89.313645
29 79 58.548405
29 80 36.658076
29 81 15.135977
29 82 38.859471
29 83 95.204285
29 84 19.525016
29 85 56.444438
29 86 122.298489
29 87 113.991961
29 88 158.426484
29 89 68.348508
29 90 122.418417
30 31 135.581401
30 32 119.387574
30 33 65.732197
30 34 184.158652
30 35 105.516748
30 36 69.564864
30 37 51.359986
30 38 517.091665
30 39 682.333975
30 40 63.727226
30 41 196.107421
30 42 357.180648
30 43 28.100116
30 44 402.078035
30 45 23.190981
30 46 13.984144
30 47 158.832980
30 48 24.133124
30 49 553.136057
30 50 79.840373
30 51 33.375306
30 52 106.939246
30 53 28.945919
30 54 53.362056
30 55 58.690118
30 56 542.856787
30 57 35.919814
30 58 7.372315
30 59 38.754725
30 60 56.826050
30 61 122.081549
30 62 59.835570
30 63 170.903133
30 64 1177.961168
30 65 6182.037400
30 66 1071.644726
30 67 91.138896
30 68 548.074670
30 69 13.691563
30 70 29.999658
30 71 141.694869
30 72 408.559683
30 73 196.988668
30 74 80.133357
30 75 444.824207
30 76 108.418202
30 77 78.238766
30 78 199.353861
30 79 130.690646
30 80 81.821205
30 81 33.772625
30 82 86.721553
30 83 212.502772
30 84 43.572025
30 85 125.984762
30 86 272.975333
30 87 254.443750
30 88 353.630100
30 89 152.556936
30 90 273.250741
31 32 110.730047
31 33 60.964915
31 34 170.802685
31 35 97.864441
31 36 64.521689
31 37 47.638424
31 38 479.590692
31 39 632.848073
31 40 59.105551
31 41 181.885636
31 42 331.277282
31 43 26.061911
31 44 372.917998
31 45 21.510721
31 46 12.969725
31 47 147.315069
31 48 22.383405
31 49 513.020301
31 50 74.049990
31 51 30.954013
31 52 99.183515
31 53 26.847166
31 54 49.493658
31 55 54.433390
31 56 503.486286
31 57 33.315668
31 58 6.835911
31 59 35.948532
31 60 52.705654
31 61 113.228139
31 62 55.496781
31 63 158.507237
31 64 1092.530494
31 65 5733.690996
31 66 993.924798
31 67 84.529587
31 68 508.327348
31 69 12.701270
31 70 27.823731
31 71 131.418458
31 72 378.929183
31 73 182.701755
31 74 74.321847
31 75 412.563114
31 76 100.562812
31 77 72.564972
31 78 184.897064
31 79 121.212392
31 80 75.887141
31 81 31.322244
31 82 80.434934
31 83 197.091595
31 84 40.413185
31 85 116.848241
31 86 253.177448
31 87 235.991124
31 88 327.983939
31 89 141.493743
31 90 253.433885
32 33 53.687613
32 34 150.403617
32 35 86.180158
32 36 56.820969
32 37 41.956359
32 38 422.309141
32 39 557.261274
32 40 52.049329
32 41 160.164422
32 42 291.710266
32 43 22.950172
32 44 328.379284
32 45 18.947675
32 46 11.420536
32 47 129.724301
32 48 19.716452
32 49 451.747493
32 50 65.208818
32 51 27.262098
32 52 87.341041
32 53 23.643489
32 54 43.587324
32 55 47.933914
32 56 443.349534
32 57 29.338781
32 58 6.020009
32 59 31.662524
32 60 46.415269
32 61 99.706827
32 62 48.870824
32 63 139.577170
32 64 962.039904
32 65 5048.860727
32 66 875.210252
32 67 74.436958
32 68 447.615907
32 69 11.183917
32 70 24.509869
32 71 115.727442
32 72 333.671093
32 73 160.884463
32 74 65.446807
32 75 363.288236
32 76 88.555508
32 77 63.898560
32 78 162.817466
32 79 106.734901
32 80 66.825856
32 81 27.586343
32 82 70.837274
32 83 173.552480
32 84 35.586715
32 85 102.895022
32 86 222.941851
32 87 207.806526
32 88 288.811521
32 89 124.596750
32 90 223.167056
33 34 82.808961
33 35 47.450360
33 36 31.286725
33 37 23.104079
33 38 232.511322
33 39 306.810174
33 40 28.658999
33 41 88.183011
33 42 160.608371
33 43 12.638174
33 44 180.796244
33 45 10.436400
33 46 6.290169
33 47 71.424821
33 48 10.862299
33 49 248.718374
33 50 35.903386
33 51 15.014492
33 52 48.089325
33 53 13.018754
33 54 24.001039
33 55 26.392866
33 56 244.093067
33 57 16.155592
33 58 3.318456
33 59 17.434522
33 60 25.557303
33 61 54.898239
33 62 26.908585
33 63 76.847755
33 64 529.667350
33 65 2779.733553
33 66 481.860961
33 67 40.987004
33 68 246.444073
33 69 6.166731
33 70 13.510803
33 71 63.718587
33 72 183.712967
33 73 88.579174
33 74 36.036570
33 75 200.016993
33 76 48.758360
33 77 35.181061
33 78 89.644572
33 79 58.764514
33 80 36.793944
33 81 15.194543
33 82 39.001139
33 83 95.554270
33 84 19.597254
33 85 56.653079
33 86 122.745930
33 87 114.414402
33 88 159.010727
33 89 68.600881
33 90 122.869637
34 35 132.929915
34 36 87.637635
34 37 64.706745
34 38 651.422484
34 39 859.592502
34 40 80.282689
34 41 247.053533
34 42 449.970500
34 43 35.400581
34 44 506.530905
34 45 29.217842
34 46 17.617554
34 47 200.096462
34 48 30.403991
34 49 696.831606
34 50 100.581718
34 51 42.047770
34 52 134.719843
34 53 36.464017
34 54 67.226390
34 55 73.937471
34 56 683.882036
34 57 45.251628
34 58 9.286199
34 59 48.834660
34 60 71.590672
34 61 153.797315
34 62 75.381438
34 63 215.300131
34 64 1483.974948
34 65 7788.013118
34 66 1350.037548
34 67 114.817156
34 68 690.456041
34 69 17.254414
34 70 37.787626
34 71 178.505522
34 72 514.697478
34 73 248.162938
34 74 100.952525
34 75 560.381978
34 76 136.590627
34 77 98.564576
34 78 251.143976
34 79 164.641744
34 80 103.077708
34 81 42.546277
34 82 109.253344
34 83 267.708323
34 84 54.894085
34 85 158.714109
34 86 343.888973
34 87 320.545087
34 88 445.497973
34 89 192.190363
34 90 344.237853
35 36 50.216717
35 37 37.079858
35 38 373.244151
35 39 492.515878
35 40 46.004654
35 41 141.554670
35 42 257.818684
35 43 20.286842
35 44 290.226810
35 45 16.746987
35 46 10.095369
35 47 114.653365
35 48 17.429703
35 49 399.262501
35 50 57.633481
35 51 24.097808
35 52 77.195277
35 53 20.895215
35 54 38.525513
35 55 42.364433
35 56 391.838612
35 57 25.931786
35 58 5.320645
35 59 27.985067
35 60 41.021850
35 61 88.123439
35 62 43.194699
35 63 123.361302
35 64 850.265081
35 65 4462.257372
35 66 773.523809
35 67 65.790377
35 68 395.610324
35 69 9.887927
35 70 21.661934
35 71 102.281577
35 72 294.905105
35 73 142.191990
35 74 57.844709
35 75 321.079772
35 76 78.266164
35 77 56.475219
35 78 143.901633
35 79 94.333903
35 80 59.062869
35 81 24.380440
35 82 62.604118
35 83 153.388011
35 84 31.455718
35 85 90.943205
35 86 197.039899
35 87 183.662855
35 88 255.256130
35 89 110.123702
35 90 197.239587
36 37 24.460535
36 38 246.072001
36 39 324.705613
36 40 30.334123
36 41 93.326859
36 42 169.973177
36 43 13.368999
36 44 191.339785
36 45 11.060948
36 46 6.663697
36 47 75.589502
36 48 11.505586
36 49 263.224135
36 50 37.992083
36 51 15.895250
36 52 50.892027
36 53 13.780324
36 54 25.402112
36 55 27.931098
36 56 258.332067
36 57 17.102357
36 58 3.513844
36 59 18.448342
36 60 27.044347
36 61 58.097037
36 62 28.474828
36 63 81.328274
36 64 560.561692
36 65 2941.870466
36 66 509.967660
36 67 43.376133
36 68 260.816274
36 69 6.532225
36 70 14.316603
36 71 67.436261
36 72 194.426365
36 73 93.742204
36 74 38.137189
36 75 211.681059
36 76 51.616888
36 77 37.238621
36 78 94.871528
36 79 62.192171
36 80 38.937191
36 81 16.084525
36 82 41.276594
36 83 101.128939
36 84 20.736657
36 85 59.956034
36 86 129.908795
36 87 121.083859
36 88 168.283030
36 89 72.601848
36 90 130.035932
37 38 181.683227
37 39 239.735707
37 40 22.400560
37 41 68.917008
37 42 125.499666
37 43 9.878843
37 44 141.277615
37 45 8.166360
37 46 4.919331
37 47 55.826450
37 48 8.510256
37 49 194.347377
37 50 28.056610
37 51 11.730803
37 52 37.579935
37 53 10.186460
37 54 18.772606
37 55 20.627795
37 56 190.729722
37 57 12.632818
37 58 2.591747
37 59 13.634967
37 60 19.996860
37 61 42.905980
37 62 21.030640
37 63 60.048521
37 64 413.870458
37 65 2172.039340
37 66 376.517387
37 67 32.032999
37 68 192.576965
37 69 4.830643
37 70 10.611925
37 71 49.795018
37 72 143.550781
37 73 69.220644
37 74 28.160664
37 75 156.293571
37 76 38.114223
37 77 27.492983
37 78 70.056387
37 79 45.917821
37 80 28.753806
37 81 11.916130
37 82 30.493221
37 83 74.668314
37 84 15.318812
37 85 44.270565
37 86 95.928457
37 87 89.406284
37 88 124.250077
37 89 53.608370
37 90 96.015964
38 39 2413.619509
38 40 225.421106
38 41 693.690483
38 42 1263.456811
38 43 99.393759
38 44 1422.271321
38 45 82.034484
38 46 49.463251
38 47 561.842857
38 48 85.361583
38 49 1956.609179
38 50 282.417116
38 51 118.051547
38 52 378.275573
38 53 102.389511
38 54 188.759446
38 55 207.600706
38 56 1920.247600
38 57 127.061811
38 58 26.072233
38 59 137.104640
38 60 201.010849
38 61 431.839175
38 62 211.657706
38 63 604.530302
38 64 4166.803520
38 65 21867.737191
38 66 3790.732507
38 67 322.384536
38 68 1938.709857
38 69 48.432906
38 70 106.105534
38 71 501.213091
38 72 1445.197975
38 73 696.806400
38 74 283.453583
38 75 1573.472942
38 76 383.534284
38 77 276.752360
38 78 705.177145
38 79 462.292253
38 80 289.424514
38 81 119.451431
38 82 306.765325
38 83 751.684436
38 84 154.133420
38 85 445.645355
38 86 965.589977
38 87 900.044362
38 88 1250.896732
38 89 539.641967
38 90 966.570400
39 40 297.453187
39 41 915.365003
39 42 1667.207438
39 43 131.155001
39 44 1876.772550
39 45 108.245427
39 46 65.270838
39 47 741.380898
39 48 112.634841
39 49 2581.866081
39 50 372.664768
39 51 155.775428
39 52 499.154956
39 53 135.102727
39 54 249.074587
39 55 273.943652
39 56 2533.889397
39 57 167.658499
39 58 34.398725
39 59 180.912442
39 60 265.244500
39 61 569.833283
39 62 279.293715
39 63 797.715087
39 64 5498.358517
39 65 28855.837517
39 66 5002.107687
39 67 425.404076
39 68 2558.245150
39 69 63.907350
39 70 140.009040
39 71 661.377599
39 72 1907.026879
39 73 919.477515
39 74 374.032740
39 75 2076.293117
39 76 506.095062
39 77 365.189138
39 78 930.520006
39 79 610.023415
39 80 381.911814
39 81 157.616397
39 82 404.792251
39 83 991.891960
39 84 203.381825
39 85 588.053010
39 86 1274.152782
39 87 1187.662510
39 88 1650.634700
39 89 712.088155
39 90 1275.446784
40 41 85.492213
40 42 155.709789
40 43 12.253485
40 44 175.283408
40 45 10.118369
40 46 6.097586
40 47 69.247738
40 48 10.529062
40 49 241.134126
40 50 34.808698
40 51 14.556331
40 52 46.623142
40 53 12.622783
40 54 23.270604
40 55 25.586897
40 56 236.649401
40 57 15.661222
40 58 3.214081
40 59 16.906334
40 60 24.778114
40 61 53.224347
40 62 26.088380
40 63 74.504268
40 64 513.513984
40 65 2694.962759
40 66 467.166666
40 67 39.736998
40 68 238.929645
40 69 5.980069
40 70 13.101174
40 71 61.774320
40 72 178.108585
40 73 85.878188
40 74 34.935135
40 75 193.916783
40 76 47.273567
40 77 34.109043
40 78 86.910902
40 79 56.972538
40 80 35.671381
40 81 14.731229
40 82 37.814192
40 83 92.640422
40 84 18.998667
40 85 54.926400
40 86 119.004194
40 87 110.923184
40 88 154.162210
40 89 66.509924
40 90 119.124036
41 42 479.167298
41 43 37.696847
41 44 539.398243
41 45 31.117071
41 46 18.758910
41 47 213.084067
41 48 32.379506
41 49 742.045780
41 50 107.108744
41 51 44.773812
41 52 143.463514
41 53 38.834532
41 54 71.590701
41 55 78.735168
41 56 728.253263
41 57 48.190224
41 58 9.889992
41 59 52.000842
41 60 76.239086
41 61 163.778157
41 62 80.272819
41 63 229.269615
41 64 1580.259713
41 65 8293.332582
41 66 1437.633231
41 67 122.267673
41 68 735.257906
41 69 18.373803
41 70 40.248317
41 71 190.090347
41 72 548.093063
41 73 264.266486
41 74 107.502375
41 75 596.741751
41 76 145.459677
41 77 104.959602
41 78 267.441329
41 79 175.324205
41 80 109.766433
41 81 45.310237
41 82 116.345781
41 83 285.077394
41 84 58.457048
41 85 169.012998
41 86 366.203938
41 87 341.345019
41 88 474.403073
41 89 204.660293
41 90 366.574448
42 43 68.656164
42 44 982.433677
42 45 56.665192
42 46 34.167566
42 47 388.093291
42 48 58.963925
42 49 1351.527637
42 50 195.080017
42 51 81.543551
42 52 261.294000
42 53 70.725020
42 54 130.386506
42 55 143.401569
42 56 1326.410928
42 57 87.766522
42 58 18.007281
42 59 94.704277
42 60 138.849888
42 61 298.292139
42 62 146.203246
42 63 417.579276
42 64 2878.218494
42 65 15105.130109
42 66 2618.446900
42 67 222.689111
42 68 1339.163456
42 69 33.456837
42 70 73.296080
42 71 346.212950
42 72 998.271635
42 73 481.318683
42 74 195.796539
42 75 1086.875268
42 76 264.927169
42 77 191.166523
42 78 487.100996
42 79 319.328250
42 80 199.920677
42 81 82.511553
42 82 211.899919
42 83 519.226461
42 84 106.465957
42 85 307.829746
42 86 666.982208
42 87 621.706578
42 88 864.056725
42 89 372.758012
42 90 667.658907
43 44 77.287989
43 45 4.460488
43 46 2.691152
43 47 30.535793
43 48 4.648180
43 49 106.323525
43 50 15.349709
43 51 6.419889
43 52 20.558673
43 53 5.568081
43 54 10.266726
43 55 11.284698
43 56 104.344307
43 57 6.908129
43 58 1.420410
43 59 7.459251
43 60 10.928890
43 61 23.471195
43 62 11.504150
43 63 32.851748
43 64 226.420324
43 65 1188.270183
43 66 205.983976
43 67 17.522214
43 68 105.350925
43 69 2.641059
43 70 5.776375
43 71 27.239859
43 72 78.530684
43 73 37.865289
43 74 15.407490
43 75 85.505565
43 76 20.841229
43 77 15.041308
43 78 38.321936
43 79 25.120270
43 80 15.729471
43 81 6.502334
43 82 16.671662
43 83 40.849650
43 84 8.379404
43 85 24.219685
43 86 52.474270
43 87 48.910113
43 88 67.973662
43 89 29.327447
43 90 52.526620
44 45 63.789492
44 46 38.462960
44 47 436.877761
44 48 66.377754
44 49 1521.412670
44 50 219.601451
44 51 91.795993
44 52 294.138828
44 53 79.615453
44 54 146.778306
44 55 161.426109
44 56 1493.138297
44 57 98.798417
44 58 20.271416
44 59 106.611531
44 60 156.303070
44 61 335.787946
44 62 164.581221
44 63 470.069247
44 64 3240.006270
44 65 17003.821770
44 66 2947.581561
44 67 250.680239
44 68 1507.495776
44 69 37.665023
44 70 82.515482
44 71 389.731965
44 72 1123.752045
44 73 541.820901
44 74 220.407641
44 75 1223.494281
44 76 298.227699
44 77 215.195783
44 78 548.329673
44 79 359.467247
44 80 225.050234
44 81 92.886025
44 82 238.535871
44 83 584.491793
44 84 119.850185
44 85 346.523926
44 86 750.821899
44 87 699.853615
44 88 972.667308
44 89 419.613400
44 90 751.583858
45 46 2.223373
45 47 25.206706
45 48 3.856625
45 49 87.754064
45 50 12.675158
45 51 5.304778
45 52 16.971860
45 53 4.596224
45 54 8.477602
45 55 9.315600
45 56 86.113978
45 57 5.707772
45 58 1.175947
45 59 6.167743
45 60 9.026046
45 61 19.375356
45 62 9.498051
45 63 27.115630
45 64 186.870425
45 65 980.706820
45 66 170.002329
45 67 14.467502
45 68 86.950263
45 69 2.191345
45 70 4.793307
45 71 22.498225
45 72 64.819063
45 73 31.256615
45 74 12.716117
45 75 70.570403
45 76 17.213105
45 77 12.418645
45 78 31.634367
45 79 20.732283
45 80 12.984128
45 81 5.376729
45 82 13.768160
45 83 33.716376
45 84 6.916885
45 85 19.992183
45 86 43.319046
45 87 40.369668
45 88 56.102807
45 89 24.206801
45 90 43.351083
46 47 15.195730
46 48 2.315302
46 49 52.910548
46 50 7.638445
46 51 3.195467
46 52 10.230712
46 53 2.766527
46 54 5.111374
46 55 5.616718
46 56 51.928962
46 57 3.437085
46 58 0.713249
46 59 3.711218
46 60 5.437720
46 61 11.680414
46 62 5.723992
46 63 16.349106
46 64 112.680415
46 65 591.355700
46 66 102.510041
46 67 8.724351
46 68 52.428432
46 69 1.317356
46 70 2.881632
46 71 13.553290
46 72 39.082519
46 73 18.843794
46 74 7.668681
46 75 42.552166
46 76 10.376404
46 77 7.486322
46 78 19.070234
46 79 12.501471
46 80 7.827688
46 81 3.241590
46 82 8.297196
46 83 20.329160
46 84 4.166890
46 85 12.053034
46 86 26.114310
46 87 24.340497
46 88 33.827959
46 89 14.594325
46 90 26.140062
47 48 26.230628
47 49 601.006439
47 50 86.753023
47 51 36.266387
47 52 116.198120
47 53 31.456430
47 54 57.991760
47 55 63.770574
47 56 589.833104
47 57 39.032236
47 58 8.009499
47 59 42.124786
47 60 61.751717
47 61 132.651980
47 62 65.018852
47 63 185.693135
47 64 1279.899097
47 65 6717.015313
47 66 1164.381568
47 67 99.032269
47 68 595.511497
47 69 14.887835
47 70 32.615965
47 71 153.960665
47 72 443.919539
47 73 214.038905
47 74 87.070504
47 75 483.320280
47 76 117.816779
47 77 85.011348
47 78 216.613700
47 79 142.000315
47 80 88.904848
47 81 36.708137
47 82 94.233783
47 83 230.894973
47 84 47.349411
47 85 136.891964
47 86 296.603678
47 87 276.467616
47 88 384.235020
47 89 165.764284
47 90 296.903398
48 49 91.315823
48 50 13.186799
48 51 5.521964
48 52 17.660639
48 53 4.793454
48 54 8.824822
48 55 9.694370
48 56 89.607463
48 57 5.945029
48 58 1.226645
48 59 6.414616
48 60 9.396426
48 61 20.163237
48 62 9.884488
48 63 28.216845
48 64 194.450241
48 65 1020.483157
48 66 176.897478
48 67 15.058764
48 68 90.479623
48 69 2.279570
48 70 4.992301
48 71 23.408735
48 72 67.450274
48 73 32.524703
48 74 13.235042
48 75 73.434354
48 76 17.920288
48 77 12.923044
48 78 32.918810
48 79 21.573004
48 80 13.512449
48 81 5.600579
48 82 14.336601
48 83 35.087851
48 84 7.201737
48 85 20.804959
48 86 45.078011
48 87 42.009123
48 88 58.378985
48 89 25.190662
48 90 45.114073
49 50 302.103113
49 51 126.280592
49 52 404.643921
49 53 109.526436
49 54 201.915381
49 55 222.072573
49 56 2054.103115
49 57 135.915802
49 58 27.888724
49 59 146.664376
49 60 215.022578
49 61 461.940253
49 62 226.412078
49 63 646.670665
49 64 4457.259449
49 65 23392.066038
49 66 4054.972389
49 67 344.857216
49 68 2073.850746
49 69 51.815322
49 70 113.500937
49 71 536.150459
49 72 1545.937504
49 73 745.378159
49 74 303.211615
49 75 1683.153023
49 76 410.268254
49 77 296.042707
49 78 754.332026
49 79 494.517122
49 80 309.599165
49 81 127.774904
49 82 328.151347
49 83 804.080947
49 84 164.874780
49 85 476.709573
49 86 1032.899536
49 87 962.783089
49 88 1338.092090
49 89 577.258654
49 90 1033.946667
50 51 18.230925
50 52 58.409540
50 53 15.810567
50 54 29.152683
50 55 32.055829
50 56 296.485975
50 57 19.620378
50 58 4.027933
50 59 21.175961
50 60 31.038162
50 61 66.678140
50 62 32.683629
50 63 93.341747
50 64 643.357735
50 65 3376.388831
50 66 585.290396
50 67 49.781721
50 68 299.340502
50 69 7.477209
50 70 16.398749
50 71 77.393250
50 72 223.140824
50 73 107.587812
50 74 43.767595
50 75 242.947079
50 76 59.220505
50 77 42.733919
50 78 108.884679
50 79 71.378238
50 80 44.689960
50 81 18.449170
50 82 47.369056
50 83 116.063326
50 84 23.798350
50 85 68.811252
50 86 149.091039
50 87 138.969986
50 88 193.141446
50 89 83.324315
50 90 149.241477
51 52 24.419619
51 53 6.610571
51 54 12.189212
51 55 13.403091
51 56 123.932399
51 57 8.205916
51 58 1.684026
51 59 8.856841
51 60 12.980152
51 61 27.877419
51 62 13.663810
51 63 39.020119
51 64 268.924768
51 65 1411.329186
51 66 244.650503
51 67 20.814468
51 68 125.126604
51 69 3.141561
51 70 6.872534
51 71 32.354771
51 72 93.282555
51 73 44.975462
51 74 18.302041
51 75 101.555585
51 76 24.758074
51 77 17.863940
51 78 45.515983
51 79 29.835882
51 80 18.682565
51 81 7.726889
51 82 19.806514
51 83 48.516617
51 84 9.953517
51 85 28.767129
51 86 62.324181
51 87 58.091860
51 88 80.734935
51 89 34.833649
51 90 62.387959
52 53 21.177003
52 54 39.043314
52 55 42.935303
52 56 397.120654
52 57 26.280907
52 58 5.395327
52 59 28.360106
52 60 41.573390
52 61 89.310856
52 62 43.774946
52 63 125.023697
52 64 861.725628
52 65 4522.409958
52 66 783.950992
52 67 66.675750
52 68 400.942972
52 69 10.016874
52 70 21.953428
52 71 103.659152
52 72 298.880257
52 73 144.108373
52 74 58.623749
52 75 325.407432
52 76 79.320660
52 77 57.235448
52 78 145.838996
52 79 95.605274
52 80 59.857107
52 81 24.710003
52 82 63.447678
52 83 155.455920
52 84 31.879728
52 85 92.166764
52 86 199.695753
52 87 186.138733
52 88 258.696060
52 89 111.605696
52 90 199.897393
53 54 10.572087
53 55 11.623148
53 56 107.484746
53 57 7.117201
53 58 1.463472
53 59 7.676793
53 60 11.260973
53 61 24.178715
53 62 11.848914
53 63 33.838936
53 64 233.239440
53 65 1224.059130
53 66 212.188023
53 67 18.048660
53 68 108.524378
53 69 2.719487
53 70 5.953955
53 71 28.056787
53 72 80.895514
53 73 39.005952
53 74 15.868412
53 75 88.079518
53 76 21.481118
53 77 15.493701
53 78 39.477495
53 79 25.877263
53 80 16.202967
53 81 6.706590
53 82 17.182756
53 83 42.078513
53 84 8.631164
53 85 24.948669
53 86 54.055449
53 87 50.382171
53 88 70.021850
53 89 30.210648
53 90 54.107337
54 55 21.430200
54 56 198.159310
54 57 13.118031
54 58 2.695908
54 59 14.155564
54 60 20.753765
54 61 44.573081
54 62 21.848455
54 63 62.387848
54 64 429.994306
54 65 2256.643052
54 66 391.183924
54 67 33.278332
54 68 200.073887
54 69 5.002452
54 70 10.973554
54 71 51.731545
54 72 149.141704
54 73 71.910724
54 74 29.256458
54 75 162.378813
54 76 39.583830
54 77 28.563142
54 78 72.778583
54 79 47.706348
54 80 29.871357
54 81 12.348885
54 82 31.665140
54 83 77.575584
54 84 15.911443
54 85 45.995466
54 86 99.652620
54 87 92.886287
54 88 129.088289
54 89 55.695189
54 90 99.753976
55 56 217.945709
55 57 14.423219
55 58 2.963993
55 59 15.563448
55 60 22.822892
55 61 49.016363
55 62 24.024555
55 63 68.614725
55 64 472.922115
55 65 2481.927169
55 66 430.237275
55 67 36.593233
55 68 220.040205
55 69 5.497799
55 70 12.044802
55 71 56.887848
55 72 164.028394
55 73 79.089223
55 74 32.173791
55 75 178.590266
55 76 43.532705
55 77 31.412551
55 78 80.037340
55 79 52.468976
55 80 32.850537
55 81 13.569620
55 82 34.819481
55 83 85.317453
55 84 17.494819
55 85 50.581778
55 86 109.595950
55 87 102.155358
55 88 141.975060
55 89 61.249354
55 90 109.705173
56 57 133.386215
56 58 27.364926
56 59 143.930192
56 60 211.025811
56 61 453.352157
56 62 222.201959
56 63 634.653258
56 64 4374.431897
56 65 22957.379543
56 66 3979.620667
56 67 338.445239
56 68 2035.310405
56 69 50.842227
56 70 111.384962
56 71 526.182863
56 72 1517.208353
56 73 731.524940
56 74 297.575872
56 75 1651.875176
56 76 402.642172
56 77 290.539937
56 78 740.309702
56 79 485.327826
56 80 303.843987
56 81 125.396786
56 82 322.045469
56 83 789.137448
56 84 161.807396
56 85 467.847104
56 86 1013.699745
56 87 944.889918
56 88 1313.225946
56 89 566.528296
56 90 1014.730880
57 58 1.815144
57 59 9.529887
57 60 13.971515
57 61 30.002391
57 62 14.704874
57 63 41.995747
57 64 289.439739
57 65 1519.010257
57 66 263.316695
57 67 22.398434
57 68 134.673106
57 69 3.370532
57 70 7.387688
57 71 34.824457
57 72 100.391133
57 73 48.407509
57 74 19.693582
57 75 109.300615
57 76 26.648320
57 77 19.226903
57 78 48.988827
57 79 32.112331
57 80 20.107247
57 81 8.307681
57 82 21.316729
57 83 52.218896
57 84 10.714669
57 85 30.959562
57 86 67.077932
57 87 62.523623
57 88 86.893342
57 89 37.489902
57 90 67.144654
58 59 1.952304
58 60 2.864168
58 61 6.156912
58 62 3.019609
58 63 8.618009
58 64 59.386701
58 65 311.660198
58 66 54.025316
58 67 4.599747
58 68 27.631853
58 69 0.695094
58 70 1.507657
58 71 7.148685
58 72 20.598649
58 73 9.929150
58 74 4.044181
58 75 22.428040
58 76 5.467606
58 77 3.946022
58 78 10.052052
58 79 6.588608
58 80 4.126079
58 81 1.716377
58 82 4.370805
58 83 10.716848
58 84 2.196929
58 85 6.353793
58 86 13.768173
58 87 12.830391
58 88 17.827914
58 89 7.691690
58 90 13.776519
59 60 15.073724
59 61 32.373871
59 62 15.869808
59 63 45.316378
59 64 312.321925
59 65 1639.084573
59 66 284.130885
59 67 24.173759
59 68 145.321544
59 69 3.646288
59 70 7.987615
59 71 37.578121
59 72 108.328979
59 73 52.237152
59 74 21.253076
59 75 117.946089
59 76 28.769544
59 77 20.746967
59 78 52.866164
59 79 34.650807
59 80 21.698714
59 81 8.963501
59 82 23.000353
59 83 56.349267
59 84 11.563308
59 85 33.411076
59 86 72.381130
59 87 67.467971
59 88 93.766328
59 89 40.455853
59 90 72.456380
60 61 47.464634
60 62 23.266023
60 63 66.437793
60 64 457.904696
60 65 2403.124912
60 66 416.576731
60 67 35.435445
60 68 213.058482
60 69 5.342114
60 70 11.695739
60 71 55.086652
60 72 158.822040
60 73 76.581705
60 74 31.152761
60 75 172.921638
60 76 42.159451
60 77 30.414832
60 78 77.502492
60 79 50.803099
60 80 31.809397
60 81 13.160060
60 82 33.720929
60 83 82.611144
60 84 16.943817
60 85 48.977978
60 86 106.121935
60 87 98.914445
60 88 137.468447
60 89 59.307440
60 90 106.224872
61 62 49.974197
61 63 142.725829
61 64 983.742901
61 65 5162.763945
61 66 894.955081
61 67 76.115692
61 68 457.715008
61 69 11.440632
61 70 25.062398
61 71 118.337382
61 72 341.201112
61 73 164.511686
61 74 66.924726
61 75 371.486069
61 76 90.552477
61 77 65.340318
61 78 166.490952
61 79 109.142668
61 80 68.333172
61 81 28.218432
61 82 72.433407
61 83 177.469468
61 84 36.396344
61 85 105.216325
61 86 227.971664
61 87 212.495167
61 88 295.326914
61 89 127.407796
61 90 228.202203
62 63 69.955814
62 64 482.164315
62 65 2530.432771
62 66 438.645683
62 67 37.309346
62 68 224.341730
62 69 5.611298
62 70 12.286953
62 71 58.002618
62 72 167.234674
62 73 80.633988
62 74 32.802407
62 75 182.076829
62 76 44.383042
62 77 32.026156
62 78 81.605448
62 79 53.494415
62 80 33.493722
62 81 13.830595
62 82 35.503058
62 83 86.983987
62 84 17.838319
62 85 51.571877
62 86 111.737731
62 87 104.151279
62 88 144.749650
62 89 62.448448
62 90 111.849996
63 64 1377.151575
63 65 7227.400436
63 66 1252.856472
63 67 106.552346
63 68 640.754435
63 69 16.008195
63 70 35.073710
63 71 165.656922
63 72 477.647157
63 73 230.299908
63 74 93.684158
63 75 520.041884
63 76 126.758697
63 77 91.468517
63 78 233.065660
63 79 152.790091
63 80 95.657293
63 81 39.481341
63 82 101.388887
63 83 248.437345
63 84 50.942335
63 85 147.288985
63 86 319.136150
63 87 297.470688
63 88 413.429153
63 89 178.355321
63 90 319.458456
64 65 49815.906286
64 66 8635.498017
64 67 734.405584
64 68 4416.482204
64 69 110.331239
64 70 241.711322
64 71 1141.785337
64 72 3292.237536
64 73 1587.357772
64 74 645.718869
64 75 3584.450665
64 76 873.705601
64 77 630.452453
64 78 1606.424639
64 79 1053.127319
64 80 659.321850
64 81 272.100399
64 82 698.821885
64 83 1712.373327
64 84 351.108660
64 85 1015.198114
64 86 2199.660686
64 87 2050.346778
64 88 2849.608691
64 89 1229.328357
64 90 2201.895288
65 66 45319.817278
65 67 3854.213948
65 68 23178.064773
65 69 579.025781
65 70 1268.529292
65 71 5992.174074
65 72 17277.929796
65 73 8330.581004
65 74 3388.780363
65 75 18811.488424
65 76 4585.290949
65 77 3308.660915
65 78 8430.646257
65 79 5526.899525
65 80 3460.170257
65 81 1428.012106
65 82 3667.471629
65 83 8986.670370
65 84 1842.659182
65 85 5327.841350
65 86 11543.995877
65 87 10760.382036
65 88 14954.977552
65 89 6451.617301
65 90 11555.726867
66 67 668.120356
66 68 4017.875501
66 69 100.371914
66 70 219.895726
66 71 1038.731362
66 72 2995.097666
66 73 1444.090595
66 74 587.438333
66 75 3260.937075
66 76 794.851587
66 77 573.550196
66 78 1461.436778
66 79 958.078132
66 80 599.813825
66 81 247.541934
66 82 635.749080
66 83 1557.822294
66 84 319.421180
66 85 923.571239
66 86 2001.130394
66 87 1865.292268
66 88 2592.418267
66 89 1118.375917
66 90 2003.163920
67 68 341.702778
67 69 8.540677
67 70 18.719184
67 71 88.346470
67 72 254.727843
67 73 122.817085
67 74 49.963370
67 75 277.329358
67 76 67.605687
67 77 48.780930
67 78 124.294911
67 79 81.479601
67 80 51.015267
67 81 21.065334
67 82 54.075635
67 83 132.489379
67 84 27.171198
67 85 78.550683
67 86 170.191440
67 87 158.641133
67 88 220.474863
67 89 95.117259
67 90 170.363391
68 69 51.340152
68 70 112.476426
68 71 531.245849
68 72 1531.795417
68 73 738.559790
68 74 300.438298
68 75 1667.755026
68 76 406.518219
68 77 293.334013
68 78 747.432897
68 79 489.993084
68 80 306.767149
68 81 126.614845
68 82 325.151271
68 83 796.725245
68 84 163.368084
68 85 472.349089
68 86 1023.450162
68 87 953.976590
68 88 1325.851098
68 89 571.978429
68 90 1024.489844
69 70 2.871048
69 71 13.280083
69 72 38.269910
69 73 18.456321
69 74 7.512588
69 75 41.667273
69 76 10.160522
69 77 7.327209
69 78 18.680900
69 79 12.240755
69 80 7.666112
69 81 3.202887
69 82 8.127997
69 83 19.907540
69 84 4.085463
69 85 11.807888
69 86 25.582651
69 87 23.833237
69 88 33.123598
69 89 14.295736
69 90 25.600648
70 71 29.095057
70 72 83.849161
70 73 40.428980
70 74 16.453312
70 75 91.284823
70 76 22.296362
70 77 16.061324
70 78 40.923669
70 79 26.816780
70 80 16.795400
70 81 6.991042
70 82 17.815493
70 83 43.610081
70 84 8.956979
70 85 25.856335
70 86 56.037362
70 87 52.221105
70 88 72.567833
70 89 31.313370
70 90 56.076984
71 72 396.016864
71 73 190.941614
71 74 77.676730
71 75 431.164401
71 76 105.099949
71 77 75.838120
71 78 193.237612
71 79 126.676773
71 80 79.311961
71 81 32.740506
71 82 84.070378
71 83 205.980677
71 84 42.239479
71 85 122.119206
71 86 264.597067
71 87 246.633871
71 88 342.771653
71 89 147.876295
71 90 264.861766
72 73 550.554912
72 74 223.960857
72 75 1243.216894
72 76 303.038878
72 77 218.665202
72 78 557.169806
72 79 365.261978
72 80 228.678959
72 81 94.383367
72 82 242.381597
72 83 593.913989
72 84 121.781922
72 85 352.110256
72 86 762.923429
72 87 711.140750
72 88 988.347536
72 89 426.377943
72 90 763.698950
73 74 107.984242
73 75 599.421373
73 76 146.110315
73 77 105.429588
73 78 268.642550
73 79 176.111666
73 80 110.259785
73 81 45.509475
73 82 116.868313
73 83 286.357956
73 84 58.720136
73 85 169.773213
73 86 367.849284
73 87 342.876957
73 88 476.534868
73 89 205.580771
73 90 368.220165
74 75 243.839481
74 76 59.437961
74 77 42.889635
74 78 109.281551
74 79 71.640040
74 80 44.853789
74 81 18.520420
74 82 47.542715
74 83 116.489087
74 84 23.888844
74 85 69.063349
74 86 149.639571
74 87 139.479574
74 88 193.849390
74 89 83.629674
74 90 149.789492
75 76 329.934892
75 77 238.073882
75 78 606.621245
75 79 397.682080
75 80 248.975484
75 81 102.764383
75 82 263.891063
75 83 646.629919
75 84 132.590392
75 85 383.361958
75 86 830.639393
75 87 774.255371
75 88 1076.072227
75 89 464.221295
75 90 831.482798
76 77 58.032286
76 78 147.867944
76 79 96.934456
76 80 60.688573
76 81 25.063019
76 82 64.330029
76 83 157.618255
76 84 32.325740
76 85 93.446175
76 86 202.467026
76 87 188.727099
76 88 262.294666
76 89 113.157622
76 90 202.675849
77 78 106.697674
77 79 69.946451
77 80 43.792798
77 81 18.080020
77 82 46.418476
77 83 113.733773
77 84 23.322875
77 85 67.429091
77 86 146.100363
77 87 136.181604
77 88 189.266328
77 89 81.651556
77 90 146.246581
78 79 178.227196
78 80 111.585660
78 81 46.063107
78 82 118.276471
78 83 289.798706
78 84 59.425856
78 85 171.814491
78 86 372.268173
78 87 346.996708
78 88 482.259144
78 89 208.052239
78 90 372.644311
79 80 73.149421
79 81 30.189061
79 82 77.531640
79 83 189.981495
79 84 38.954196
79 85 112.632667
79 86 244.044383
79 87 227.478585
79 88 316.153965
79 89 136.389673
79 90 244.292479
80 81 18.906394
80 82 48.544722
80 83 118.941671
80 84 24.390450
80 85 70.518424
80 86 152.790216
80 87 142.418083
80 88 197.933017
80 89 85.391404
80 90 152.944111
81 82 20.049271
81 83 49.095322
81 84 10.079873
81 85 29.110163
81 86 63.074718
81 87 58.782975
81 88 81.689572
81 89 35.248228
81 90 63.129680
82 83 126.070602
82 84 25.858712
82 85 74.745929
82 86 161.950200
82 87 150.953523
82 88 209.793924
82 89 90.510048
82 90 162.109662
83 84 63.342684
83 85 183.141563
83 86 396.819092
83 87 369.879954
83 88 514.064972
83 89 221.769524
83 90 397.219778
84 85 37.556239
84 86 81.369344
84 87 75.844071
84 88 105.407496
84 89 45.478247
84 90 81.450766
85 86 235.259683
85 87 219.288496
85 88 304.769592
85 89 131.483053
85 90 235.498025
86 87 475.136758
86 88 660.350721
86 89 284.879766
86 90 510.257013
87 88 615.525929
87 89 265.541050
87 90 475.618983
88 89 369.052324
88 90 661.021649
89 90 285.169722
